6 0.12740384615384615 0.6526442307692307 0.014423076923076924 0.026442307692307692
6 0.16706730769230768 0.671875 0.009615384615384616 0.019230769230769232
6 0.23317307692307693 0.6069711538461539 0.014423076923076924 0.014423076923076924
6 0.2668269230769231 0.5985576923076923 0.014423076923076924 0.02403846153846154
6 0.328125 0.4855769230769231 0.019230769230769232 0.028846153846153848
7 0.390625 0.49399038461538464 0.052884615384615384 0.10096153846153846
7 0.3858173076923077 0.4495192307692308 0.04567307692307692 0.03365384615384615
6 0.43990384615384615 0.5264423076923077 0.019230769230769232 0.009615384615384616
6 0.5889423076923077 0.390625 0.009615384615384616 0.04567307692307692
6 0.6430288461538461 0.4579326923076923 0.021634615384615384 0.07211538461538461
6 0.7163461538461539 0.12740384615384615 0.028846153846153848 0.040865384615384616
6 0.4375 0.7295673076923077 0.016826923076923076 0.021634615384615384
6 0.38822115384615385 0.7548076923076923 0.009615384615384616 0.028846153846153848
17 0.5516826923076923 0.5420673076923077 0.014423076923076924 0.04326923076923077
17 0.49038461538461536 0.5096153846153846 0.014423076923076924 0.04326923076923077
7 0.6814903846153846 0.4170673076923077 0.07932692307692307 0.13942307692307693
6 0.7415865384615384 0.29447115384615385 0.028846153846153848 0.09375
11 0.8966346153846154 0.042067307692307696 0.019230769230769232 0.07211538461538461
17 0.6394230769230769 0.38100961538461536 0.026442307692307692 0.026442307692307692
6 0.9831730769230769 0.30408653846153844 0.028846153846153848 0.06490384615384616
17 0.9134615384615384 0.3137019230769231 0.02403846153846154 0.03365384615384615
17 0.6009615384615384 0.4579326923076923 0.014423076923076924 0.03365384615384615
17 0.10697115384615384 0.7163461538461539 0.004807692307692308 0.02403846153846154
17 0.9891826923076923 0.36177884615384615 0.016826923076923076 0.055288461538461536