4 0.296875 0.9627403846153846 0.05048076923076923 0.06971153846153846
1 0.42908653846153844 0.6201923076923077 0.07211538461538461 0.08653846153846154
1 0.578125 0.33413461538461536 0.125 0.10096153846153846
12 0.8978365384615384 0.30288461538461536 0.040865384615384616 0.057692307692307696
12 0.8125 0.15865384615384615 0.04807692307692308 0.028846153846153848
12 0.7788461538461539 0.09615384615384616 0.04807692307692308 0.03365384615384615
17 0.859375 0.32211538461538464 0.026442307692307692 0.03365384615384615
17 0.84375 0.25961538461538464 0.07211538461538461 0.021634615384615384
10 0.8233173076923077 0.6814903846153846 0.009615384615384616 0.009615384615384616
17 0.7920673076923077 0.7103365384615384 0.009615384615384616 0.016826923076923076
10 0.8569711538461539 0.5985576923076923 0.007211538461538462 0.004807692307692308
10 0.45552884615384615 0.6875 0.016826923076923076 0.009615384615384616