7 0.4254807692307692 0.33533653846153844 0.10096153846153846 0.052884615384615384
10 0.59375 0.9122596153846154 0.07211538461538461 0.057692307692307696
10 0.5961538461538461 0.9411057692307693 0.04326923076923077 0.02403846153846154
17 0.4074519230769231 0.6995192307692307 0.026442307692307692 0.019230769230769232
6 0.44591346153846156 0.8389423076923077 0.026442307692307692 0.014423076923076924
6 0.3701923076923077 0.7884615384615384 0.014423076923076924 0.019230769230769232
6 0.1346153846153846 0.6802884615384616 0.021634615384615384 0.014423076923076924
6 0.05889423076923077 0.6610576923076923 0.026442307692307692 0.019230769230769232
6 0.8930288461538461 0.5084134615384616 0.021634615384615384 0.016826923076923076
6 0.9855769230769231 0.4879807692307692 0.021634615384615384 0.009615384615384616
6 0.7512019230769231 0.3581730769230769 0.007211538461538462 0.019230769230769232