4 0.49399038461538464 0.49399038461538464 0.10096153846153846 0.02403846153846154
14 0.4579326923076923 0.4963942307692308 0.021634615384615384 0.007211538461538462
11 0.5793269230769231 0.43028846153846156 0.052884615384615384 0.02403846153846154
6 0.6262019230769231 0.4699519230769231 0.03365384615384615 0.007211538461538462
6 0.4879807692307692 0.48677884615384615 0.02403846153846154 0.007211538461538462
6 0.5012019230769231 0.4855769230769231 0.014423076923076924 0.007211538461538462
6 0.5264423076923077 0.48197115384615385 0.019230769230769232 0.002403846153846154
6 0.37259615384615385 0.5372596153846154 0.021634615384615384 0.009615384615384616
6 0.38461538461538464 0.5072115384615384 0.009615384615384616 0.009615384615384616
11 0.36899038461538464 0.5144230769230769 0.038461538461538464 0.014423076923076924
11 0.28365384615384615 0.5132211538461539 0.038461538461538464 0.014423076923076924
6 0.2548076923076923 0.5540865384615384 0.014423076923076924 0.009615384615384616
6 0.29927884615384615 0.5480769230769231 0.019230769230769232 0.009615384615384616
6 0.13942307692307693 0.6141826923076923 0.019230769230769232 0.009615384615384616
6 0.06490384615384616 0.6430288461538461 0.014423076923076924 0.009615384615384616
6 0.17427884615384615 0.5649038461538461 0.028846153846153848 0.009615384615384616
12 0.11057692307692307 0.5985576923076923 0.14423076923076922 0.08653846153846154