1 0.36177884615384615 0.4699519230769231 0.17067307692307693 0.052884615384615384
1 0.47836538461538464 0.5 0.16105769230769232 0.028846153846153848
2 0.2920673076923077 0.4879807692307692 0.03365384615384615 0.014423076923076924
5 0.5408653846153846 0.45552884615384615 0.052884615384615384 0.040865384615384616
17 0.6598557692307693 0.4963942307692308 0.08173076923076923 0.04567307692307692
17 0.8894230769230769 0.7776442307692307 0.1875 0.0673076923076923
9 0.19230769230769232 0.8810096153846154 0.0673076923076923 0.009615384615384616
17 0.2644230769230769 0.5456730769230769 0.04326923076923077 0.019230769230769232
9 0.6045673076923077 0.7151442307692307 0.08173076923076923 0.007211538461538462
16 0.41225961538461536 0.4362980769230769 0.16105769230769232 0.055288461538461536
0 0.44591346153846156 0.5661057692307693 0.021634615384615384 0.009615384615384616