1 0.2848557692307692 0.22355769230769232 0.13701923076923078 0.11298076923076923
6 0.4639423076923077 0.9459134615384616 0.02403846153846154 0.019230769230769232
6 0.20673076923076922 0.6274038461538461 0.004807692307692308 0.014423076923076924
6 0.21153846153846154 0.6153846153846154 0.019230769230769232 0.009615384615384616
6 0.2127403846153846 0.6514423076923077 0.004807692307692308 0.009615384615384616
6 0.20552884615384615 0.6526442307692307 0.009615384615384616 0.01201923076923077
6 0.013221153846153846 0.7752403846153846 0.021634615384615384 0.014423076923076924
6 0.06129807692307692 0.45552884615384615 0.009615384615384616 0.01201923076923077
6 0.06009615384615385 0.4266826923076923 0.004807692307692308 0.014423076923076924
6 0.051682692307692304 0.3918269230769231 0.01201923076923077 0.009615384615384616
6 0.0625 0.41586538461538464 0.004807692307692308 0.009615384615384616
6 0.4387019230769231 0.1310096153846154 0.004807692307692308 0.009615384615384616
6 0.45913461538461536 0.12139423076923077 0.009615384615384616 0.007211538461538462
6 0.4891826923076923 0.23557692307692307 0.021634615384615384 0.007211538461538462
6 0.7548076923076923 0.4375 0.009615384615384616 0.009615384615384616
6 0.7980769230769231 0.8185096153846154 0.021634615384615384 0.016826923076923076
6 0.028846153846153848 0.5348557692307693 0.019230769230769232 0.007211538461538462
6 0.2764423076923077 0.5757211538461539 0.004807692307692308 0.014423076923076924