11 0.5 0.9543269230769231 0.0673076923076923 0.014423076923076924
4 0.4963942307692308 0.5336538461538461 0.11057692307692307 0.02403846153846154
6 0.4579326923076923 0.5060096153846154 0.009615384615384616 0.009615384615384616
6 0.3389423076923077 0.5216346153846154 0.02403846153846154 0.009615384615384616
6 0.734375 0.4254807692307692 0.014423076923076924 0.014423076923076924
6 0.6274038461538461 0.38100961538461536 0.028846153846153848 0.009615384615384616
6 0.6225961538461539 0.3786057692307692 0.019230769230769232 0.007211538461538462
6 0.7944711538461539 0.27524038461538464 0.05048076923076923 0.007211538461538462
6 0.7776442307692307 0.28846153846153844 0.021634615384615384 0.014423076923076924
6 0.8810096153846154 0.20673076923076922 0.021634615384615384 0.019230769230769232
6 0.6418269230769231 0.04927884615384615 0.04326923076923077 0.014423076923076924
6 0.3088942307692308 0.0625 0.03125 0.014423076923076924
6 0.7463942307692307 0.42788461538461536 0.01201923076923077 0.009615384615384616
6 0.42427884615384615 0.5360576923076923 0.014423076923076924 0.009615384615384616
6 0.37259615384615385 0.6045673076923077 0.009615384615384616 0.004807692307692308
17 0.3605769230769231 0.921875 0.014423076923076924 0.004807692307692308
17 0.054086538461538464 0.042067307692307696 0.040865384615384616 0.036057692307692304
17 0.47115384615384615 0.20192307692307693 0.03365384615384615 0.028846153846153848
17 0.9194711538461539 0.2692307692307692 0.04326923076923077 0.02403846153846154
17 0.7644230769230769 0.2536057692307692 0.0625 0.019230769230769232
12 0.9783653846153846 0.23197115384615385 0.02403846153846154 0.009615384615384616