12 0.75 0.5697115384615384 0.0673076923076923 0.028846153846153848
6 0.5865384615384616 0.5889423076923077 0.028846153846153848 0.004807692307692308
6 0.5733173076923077 0.6322115384615384 0.016826923076923076 0.009615384615384616
6 0.7475961538461539 0.5985576923076923 0.014423076923076924 0.009615384615384616
6 0.41225961538461536 0.6682692307692307 0.038461538461538464 0.019230769230769232
6 0.4326923076923077 0.6875 0.019230769230769232 0.014423076923076924
6 0.38461538461538464 0.6730769230769231 0.03365384615384615 0.004807692307692308
6 0.3245192307692308 0.8028846153846154 0.019230769230769232 0.014423076923076924
6 0.23677884615384615 0.8100961538461539 0.016826923076923076 0.01201923076923077
6 0.3076923076923077 0.578125 0.03365384615384615 0.007211538461538462
6 0.8834134615384616 0.5480769230769231 0.028846153846153848 0.009615384615384616