12 0.2980769230769231 0.09134615384615384 0.4567307692307692 0.18028846153846154
12 0.24158653846153846 0.15625 0.30288461538461536 0.18509615384615385
12 0.4170673076923077 0.3894230769230769 0.6923076923076923 0.44711538461538464
12 0.11899038461538461 0.25600961538461536 0.23557692307692307 0.19230769230769232
12 0.12139423076923077 0.6862980769230769 0.2403846153846154 0.41346153846153844
12 0.7644230769230769 0.32572115384615385 0.052884615384615384 0.028846153846153848
12 0.7151442307692307 0.5649038461538461 0.09134615384615384 0.0673076923076923
12 0.7752403846153846 0.5144230769230769 0.21634615384615385 0.11057692307692307
5 0.2091346153846154 0.6021634615384616 0.41346153846153844 0.32211538461538464
5 0.9350961538461539 0.59375 0.09134615384615384 0.08413461538461539
5 0.8665865384615384 0.47716346153846156 0.08653846153846154 0.057692307692307696
5 0.9399038461538461 0.3786057692307692 0.07211538461538461 0.036057692307692304
5 0.4495192307692308 0.6021634615384616 0.0985576923076923 0.05048076923076923
5 0.44591346153846156 0.6538461538461539 0.1346153846153846 0.057692307692307696
5 0.3713942307692308 0.6262019230769231 0.04807692307692308 0.038461538461538464
14 0.7572115384615384 0.27403846153846156 0.014423076923076924 0.004807692307692308
15 0.8870192307692307 0.5036057692307693 0.014423076923076924 0.028846153846153848
15 0.4014423076923077 0.6213942307692307 0.009615384615384616 0.019230769230769232
1 0.5348557692307693 0.6225961538461539 0.057692307692307696 0.1346153846153846
2 0.5420673076923077 0.6814903846153846 0.026442307692307692 0.014423076923076924