7 0.41346153846153844 0.46033653846153844 0.23076923076923078 0.1875
8 0.5384615384615384 0.5973557692307693 0.125 0.15384615384615385
17 0.13341346153846154 0.5144230769230769 0.02403846153846154 0.04807692307692308
3 0.15504807692307693 0.8557692307692307 0.016826923076923076 0.009615384615384616
3 0.18870192307692307 0.8353365384615384 0.007211538461538462 0.01201923076923077
3 0.3076923076923077 0.8545673076923077 0.004807692307692308 0.009615384615384616
3 0.2403846153846154 0.734375 0.009615384615384616 0.009615384615384616
3 0.25841346153846156 0.47596153846153844 0.014423076923076924 0.01201923076923077
3 0.1814903846153846 0.5348557692307693 0.01201923076923077 0.019230769230769232
3 0.15985576923076922 0.5228365384615384 0.007211538461538462 0.014423076923076924
3 0.008413461538461538 0.7524038461538461 0.01201923076923077 0.014423076923076924
3 0.3870192307692308 0.8365384615384616 0.009615384615384616 0.014423076923076924
3 0.0985576923076923 0.08653846153846154 0.009615384615384616 0.009615384615384616
3 0.20793269230769232 0.8810096153846154 0.007211538461538462 0.004807692307692308
3 0.22355769230769232 0.7199519230769231 0.007211538461538462 0.01201923076923077
3 0.20552884615384615 0.9507211538461539 0.007211538461538462 0.01201923076923077
3 0.20192307692307693 0.9146634615384616 0.004807692307692308 0.004807692307692308