16 0.5048076923076923 0.5661057692307693 0.4182692307692308 0.13942307692307693
10 0.5829326923076923 0.5889423076923077 0.12259615384615384 0.07211538461538461
16 0.5300480769230769 0.6838942307692307 0.3557692307692308 0.15144230769230768
12 0.25841346153846156 0.8521634615384616 0.3389423076923077 0.21153846153846154
12 0.3137019230769231 0.7463942307692307 0.20432692307692307 0.07692307692307693
12 0.37259615384615385 0.8521634615384616 0.5144230769230769 0.28365384615384615
12 0.8088942307692307 0.5745192307692307 0.2283653846153846 0.10096153846153846
12 0.8653846153846154 0.5576923076923077 0.057692307692307696 0.06490384615384616
12 0.9290865384615384 0.6370192307692307 0.13942307692307693 0.0985576923076923
12 0.6081730769230769 0.7728365384615384 0.1346153846153846 0.09134615384615384
1 0.8221153846153846 0.6911057692307693 0.23076923076923078 0.15625