1 0.5721153846153846 0.5144230769230769 0.019230769230769232 0.028846153846153848
1 0.5288461538461539 0.5480769230769231 0.026442307692307692 0.026442307692307692
1 0.5180288461538461 0.5420673076923077 0.028846153846153848 0.028846153846153848
1 0.3088942307692308 0.008413461538461538 0.026442307692307692 0.014423076923076924
1 0.43509615384615385 0.2824519230769231 0.038461538461538464 0.01201923076923077
1 0.41586538461538464 0.3161057692307692 0.014423076923076924 0.026442307692307692
1 0.47716346153846156 0.28846153846153844 0.014423076923076924 0.02403846153846154
1 0.625 0.7692307692307693 0.038461538461538464 0.03365384615384615
17 0.30649038461538464 0.02403846153846154 0.019230769230769232 0.014423076923076924
17 0.3545673076923077 0.056490384615384616 0.026442307692307692 0.021634615384615384
17 0.28365384615384615 0.021634615384615384 0.03365384615384615 0.019230769230769232
10 0.3389423076923077 0.046875 0.009615384615384616 0.009615384615384616
17 0.32572115384615385 0.04927884615384615 0.016826923076923076 0.009615384615384616
17 0.3088942307692308 0.051682692307692304 0.026442307692307692 0.014423076923076924
17 0.3713942307692308 0.12740384615384615 0.009615384615384616 0.009615384615384616
17 0.33653846153846156 0.12620192307692307 0.019230769230769232 0.009615384615384616
17 0.375 0.1502403846153846 0.014423076923076924 0.009615384615384616
17 0.4014423076923077 0.1622596153846154 0.009615384615384616 0.004807692307692308
17 0.37259615384615385 0.171875 0.009615384615384616 0.004807692307692308
17 0.3918269230769231 0.203125 0.019230769230769232 0.01201923076923077
17 0.41586538461538464 0.18389423076923078 0.009615384615384616 0.007211538461538462
17 0.44350961538461536 0.31490384615384615 0.036057692307692304 0.014423076923076924
17 0.43149038461538464 0.3293269230769231 0.03125 0.009615384615384616
17 0.4206730769230769 0.359375 0.02403846153846154 0.009615384615384616
17 0.3737980769230769 0.3473557692307692 0.004807692307692308 0.007211538461538462
17 0.1875 0.2620192307692308 0.028846153846153848 0.014423076923076924
17 0.28966346153846156 0.5661057692307693 0.019230769230769232 0.014423076923076924
17 0.4230769230769231 0.48197115384615385 0.014423076923076924 0.016826923076923076
17 0.3737980769230769 0.2512019230769231 0.009615384615384616 0.009615384615384616
17 0.6081730769230769 0.6790865384615384 0.038461538461538464 0.021634615384615384
17 0.59375 0.5901442307692307 0.009615384615384616 0.004807692307692308
17 0.5300480769230769 0.421875 0.028846153846153848 0.021634615384615384
17 0.5504807692307693 0.5817307692307693 0.04326923076923077 0.028846153846153848
17 0.5192307692307693 0.5805288461538461 0.014423076923076924 0.009615384615384616
17 0.4110576923076923 0.4831730769230769 0.014423076923076924 0.009615384615384616
17 0.4230769230769231 0.45072115384615385 0.004807692307692308 0.004807692307692308
17 0.5685096153846154 0.49158653846153844 0.01201923076923077 0.019230769230769232
10 0.6911057692307693 0.7800480769230769 0.014423076923076924 0.014423076923076924
17 0.6959134615384616 0.84375 0.026442307692307692 0.028846153846153848
17 0.5889423076923077 0.6189903846153846 0.01201923076923077 0.014423076923076924
17 0.5637019230769231 0.5300480769230769 0.016826923076923076 0.004807692307692308
17 0.49038461538461536 0.45072115384615385 0.028846153846153848 0.021634615384615384
10 0.6802884615384616 0.9014423076923077 0.028846153846153848 0.014423076923076924
17 0.7740384615384616 0.953125 0.014423076923076924 0.009615384615384616
10 0.6995192307692307 0.8233173076923077 0.014423076923076924 0.009615384615384616
17 0.5865384615384616 0.6826923076923077 0.007211538461538462 0.02403846153846154
17 0.6358173076923077 0.6887019230769231 0.009615384615384616 0.014423076923076924
17 0.6730769230769231 0.8617788461538461 0.009615384615384616 0.014423076923076924
17 0.6646634615384616 0.7776442307692307 0.03125 0.02403846153846154
17 0.6706730769230769 0.8401442307692307 0.009615384615384616 0.007211538461538462
17 0.6790865384615384 0.828125 0.004807692307692308 0.007211538461538462
17 0.5396634615384616 0.4362980769230769 0.01201923076923077 0.007211538461538462
17 0.6177884615384616 0.7163461538461539 0.03365384615384615 0.019230769230769232
17 0.6213942307692307 0.7307692307692307 0.019230769230769232 0.014423076923076924
17 0.6454326923076923 0.7620192307692307 0.007211538461538462 0.009615384615384616
17 0.6334134615384616 0.7355769230769231 0.009615384615384616 0.009615384615384616
17 0.6117788461538461 0.7463942307692307 0.028846153846153848 0.016826923076923076
17 0.6802884615384616 0.8197115384615384 0.009615384615384616 0.009615384615384616
17 0.6394230769230769 0.84375 0.009615384615384616 0.014423076923076924
17 0.6742788461538461 0.9158653846153846 0.016826923076923076 0.01201923076923077
17 0.6574519230769231 0.9170673076923077 0.014423076923076924 0.016826923076923076
17 0.7175480769230769 0.9783653846153846 0.014423076923076924 0.009615384615384616
17 0.7259615384615384 0.9915865384615384 0.014423076923076924 0.009615384615384616
7 0.35096153846153844 0.1045673076923077 0.019230769230769232 0.01201923076923077
12 0.36899038461538464 0.1814903846153846 0.03365384615384615 0.016826923076923076
12 0.2764423076923077 0.007211538461538462 0.04807692307692308 0.014423076923076924
12 0.4795673076923077 0.35336538461538464 0.02403846153846154 0.019230769230769232
12 0.4567307692307692 0.4855769230769231 0.02403846153846154 0.019230769230769232
12 0.5228365384615384 0.5096153846153846 0.028846153846153848 0.021634615384615384
12 0.49759615384615385 0.5204326923076923 0.038461538461538464 0.02403846153846154
12 0.5216346153846154 0.4831730769230769 0.03365384615384615 0.02403846153846154
12 0.6033653846153846 0.6550480769230769 0.04326923076923077 0.028846153846153848
12 0.47115384615384615 0.4723557692307692 0.028846153846153848 0.019230769230769232
4 0.21153846153846154 0.3245192307692308 0.028846153846153848 0.009615384615384616
4 0.19591346153846154 0.20793269230769232 0.014423076923076924 0.014423076923076924
4 0.1201923076923077 0.06009615384615385 0.019230769230769232 0.009615384615384616
4 0.09615384615384616 0.49038461538461536 0.019230769230769232 0.021634615384615384
8 0.5673076923076923 0.6526442307692307 0.009615384615384616 0.004807692307692308
8 0.5949519230769231 0.75 0.009615384615384616 0.014423076923076924
15 0.5180288461538461 0.38221153846153844 0.004807692307692308 0.02403846153846154
15 0.5288461538461539 0.4026442307692308 0.009615384615384616 0.02403846153846154
15 0.6358173076923077 0.8629807692307693 0.009615384615384616 0.038461538461538464
15 0.4230769230769231 0.21033653846153846 0.01201923076923077 0.019230769230769232
2 0.6394230769230769 0.8617788461538461 0.009615384615384616 0.007211538461538462
2 0.640625 0.7692307692307693 0.004807692307692308 0.004807692307692308
2 0.6514423076923077 0.7920673076923077 0.007211538461538462 0.004807692307692308
2 0.6454326923076923 0.8040865384615384 0.004807692307692308 0.004807692307692308
2 0.7055288461538461 0.9939903846153846 0.007211538461538462 0.004807692307692308
2 0.6646634615384616 0.8725961538461539 0.007211538461538462 0.004807692307692308
2 0.6598557692307693 0.8125 0.004807692307692308 0.004807692307692308