7 0.8762019230769231 0.3233173076923077 0.24278846153846154 0.21875
7 0.8064903846153846 0.41947115384615385 0.2980769230769231 0.20432692307692307
1 0.5324519230769231 0.23677884615384615 0.5072115384615384 0.25721153846153844
8 0.4050480769230769 0.28365384615384615 0.16346153846153846 0.21634615384615385
8 0.5036057692307693 0.40865384615384615 0.21153846153846154 0.13701923076923078
7 0.17908653846153846 0.296875 0.3557692307692308 0.2644230769230769
7 0.20072115384615385 0.5480769230769231 0.39663461538461536 0.2644230769230769
4 0.5264423076923077 0.78125 0.3870192307692308 0.2644230769230769
13 0.5036057692307693 0.4098557692307692 0.21153846153846154 0.14182692307692307
17 0.7139423076923077 0.39302884615384615 0.14903846153846154 0.11057692307692307
15 0.43149038461538464 0.3076923076923077 0.27403846153846156 0.07211538461538461