1 0.5576923076923077 0.5877403846153846 0.13942307692307693 0.24759615384615385
2 0.5168269230769231 0.49158653846153844 0.038461538461538464 0.055288461538461536
12 0.75 0.1971153846153846 0.24759615384615385 0.3942307692307692
0 0.5528846153846154 0.2536057692307692 0.019230769230769232 0.03125
17 0.49158653846153844 0.18028846153846154 0.016826923076923076 0.02403846153846154
1 0.5865384615384616 0.15745192307692307 0.08173076923076923 0.24519230769230768
1 0.6358173076923077 0.03245192307692308 0.038461538461538464 0.0625
2 0.6274038461538461 0.052884615384615384 0.019230769230769232 0.02403846153846154
1 0.3942307692307692 0.026442307692307692 0.25961538461538464 0.052884615384615384
13 0.3737980769230769 0.06490384615384616 0.13942307692307693 0.0673076923076923
2 0.36899038461538464 0.37740384615384615 0.014423076923076924 0.016826923076923076
8 0.46153846153846156 0.08653846153846154 0.052884615384615384 0.08173076923076923
10 0.84375 0.039663461538461536 0.05048076923076923 0.07692307692307693