1 0.41225961538461536 0.4423076923076923 0.24759615384615385 0.13942307692307693
2 0.5084134615384616 0.4831730769230769 0.055288461538461536 0.038461538461538464
12 0.8016826923076923 0.25 0.3918269230769231 0.25
0 0.7463942307692307 0.44711538461538464 0.03125 0.019230769230769232
17 0.8197115384615384 0.5084134615384616 0.02403846153846154 0.016826923076923076
1 0.8425480769230769 0.41346153846153844 0.24519230769230768 0.08173076923076923
1 0.9675480769230769 0.3641826923076923 0.0625 0.038461538461538464
2 0.9471153846153846 0.37259615384615385 0.02403846153846154 0.019230769230769232
1 0.9723557692307693 0.6069711538461539 0.05048076923076923 0.2620192307692308
13 0.9350961538461539 0.6262019230769231 0.0673076923076923 0.13942307692307693
2 0.6225961538461539 0.6310096153846154 0.016826923076923076 0.014423076923076924
8 0.9134615384615384 0.5384615384615384 0.08173076923076923 0.052884615384615384
10 0.9603365384615384 0.15625 0.07692307692307693 0.05048076923076923