1 0.7764423076923077 0.2848557692307692 0.11298076923076923 0.13701923076923078
6 0.054086538461538464 0.4651442307692308 0.019230769230769232 0.02403846153846154
6 0.37259615384615385 0.20793269230769232 0.014423076923076924 0.004807692307692308
6 0.38461538461538464 0.21153846153846154 0.009615384615384616 0.019230769230769232
6 0.3485576923076923 0.2127403846153846 0.009615384615384616 0.004807692307692308
6 0.3473557692307692 0.20552884615384615 0.01201923076923077 0.009615384615384616
6 0.2247596153846154 0.014423076923076924 0.014423076923076924 0.021634615384615384
6 0.5444711538461539 0.06129807692307692 0.01201923076923077 0.009615384615384616
6 0.5733173076923077 0.06129807692307692 0.014423076923076924 0.004807692307692308
6 0.6081730769230769 0.052884615384615384 0.009615384615384616 0.01201923076923077
6 0.5841346153846154 0.0625 0.009615384615384616 0.004807692307692308
6 0.8689903846153846 0.4387019230769231 0.009615384615384616 0.004807692307692308
6 0.8786057692307693 0.46033653846153844 0.007211538461538462 0.009615384615384616
6 0.7644230769230769 0.49038461538461536 0.007211538461538462 0.021634615384615384
6 0.5625 0.7548076923076923 0.009615384615384616 0.009615384615384616
6 0.1814903846153846 0.7992788461538461 0.016826923076923076 0.021634615384615384
6 0.4651442307692308 0.028846153846153848 0.007211538461538462 0.019230769230769232
6 0.42427884615384615 0.2764423076923077 0.014423076923076924 0.004807692307692308