12 0.9266826923076923 0.020432692307692308 0.14182692307692307 0.036057692307692304
1 0.32211538461538464 0.4543269230769231 0.04326923076923077 0.019230769230769232
6 0.1971153846153846 0.47836538461538464 0.009615384615384616 0.004807692307692308
10 0.7800480769230769 0.5228365384615384 0.014423076923076924 0.004807692307692308
10 0.3737980769230769 0.4735576923076923 0.007211538461538462 0.004807692307692308
6 0.24639423076923078 0.5408653846153846 0.014423076923076924 0.009615384615384616
17 0.07932692307692307 0.5564903846153846 0.009615384615384616 0.007211538461538462
11 0.26802884615384615 0.4326923076923077 0.009615384615384616 0.014423076923076924
11 0.5456730769230769 0.41346153846153844 0.019230769230769232 0.019230769230769232
17 0.5300480769230769 0.4254807692307692 0.019230769230769232 0.009615384615384616
6 0.7560096153846154 0.42427884615384615 0.016826923076923076 0.028846153846153848
6 0.8653846153846154 0.5072115384615384 0.009615384615384616 0.004807692307692308
10 0.9423076923076923 0.4387019230769231 0.014423076923076924 0.016826923076923076
6 0.38100961538461536 0.5348557692307693 0.009615384615384616 0.007211538461538462
17 0.18509615384615385 0.5661057692307693 0.019230769230769232 0.009615384615384616
13 0.13581730769230768 0.4651442307692308 0.036057692307692304 0.016826923076923076
17 0.14543269230769232 0.42908653846153844 0.03365384615384615 0.016826923076923076
17 0.078125 0.4651442307692308 0.009615384615384616 0.007211538461538462
17 0.07932692307692307 0.5072115384615384 0.02403846153846154 0.009615384615384616
17 0.31490384615384615 0.4266826923076923 0.014423076923076924 0.007211538461538462
3 0.47716346153846156 0.47475961538461536 0.009615384615384616 0.004807692307692308
17 0.5120192307692307 0.4362980769230769 0.009615384615384616 0.007211538461538462