5 0.5600961538461539 0.6105769230769231 0.47596153846153844 0.375
4 0.43990384615384615 0.7584134615384616 0.052884615384615384 0.0625
4 0.3605769230769231 0.7536057692307693 0.10576923076923077 0.04807692307692308
4 0.3701923076923077 0.7091346153846154 0.10576923076923077 0.04326923076923077
4 0.36658653846153844 0.6826923076923077 0.0889423076923077 0.0625
4 0.27884615384615385 0.7608173076923077 0.0625 0.08413461538461539
4 0.203125 0.7860576923076923 0.09615384615384616 0.052884615384615384
4 0.1875 0.7235576923076923 0.11538461538461539 0.06490384615384616
4 0.171875 0.6466346153846154 0.11057692307692307 0.07692307692307693
4 0.26802884615384615 0.6790865384615384 0.09134615384615384 0.08173076923076923
4 0.3004807692307692 0.6310096153846154 0.08653846153846154 0.08653846153846154
4 0.39903846153846156 0.5180288461538461 0.11538461538461539 0.08173076923076923
4 0.22235576923076922 0.48677884615384615 0.12259615384615384 0.0625
4 0.5985576923076923 0.39783653846153844 0.125 0.0673076923076923
4 0.6538461538461539 0.33774038461538464 0.11057692307692307 0.0985576923076923
4 0.5240384615384616 0.125 0.13942307692307693 0.06971153846153846
14 0.6838942307692307 0.3004807692307692 0.021634615384615384 0.014423076923076924
14 0.4375 0.49278846153846156 0.009615384615384616 0.009615384615384616
14 0.23677884615384615 0.7079326923076923 0.014423076923076924 0.009615384615384616
14 0.5360576923076923 0.3798076923076923 0.009615384615384616 0.009615384615384616