5 0.2800480769230769 0.7379807692307693 0.03125 0.12980769230769232
5 0.3545673076923077 0.6514423076923077 0.2403846153846154 0.0625
1 0.4375 0.47115384615384615 0.028846153846153848 0.04807692307692308
2 0.44711538461538464 0.49038461538461536 0.004807692307692308 0.007211538461538462
2 0.2932692307692308 0.5240384615384616 0.004807692307692308 0.009615384615384616
2 0.2439903846153846 0.5024038461538461 0.004807692307692308 0.009615384615384616
1 0.265625 0.5012019230769231 0.04807692307692308 0.019230769230769232
7 0.2776442307692308 0.4723557692307692 0.028846153846153848 0.026442307692307692
12 0.25961538461538464 0.46634615384615385 0.014423076923076924 0.04326923076923077
12 0.10576923076923077 0.6394230769230769 0.057692307692307696 0.028846153846153848
6 0.6742788461538461 0.35096153846153844 0.007211538461538462 0.019230769230769232