1 0.390625 0.23557692307692307 0.06009615384615385 0.038461538461538464
17 0.6430288461538461 0.2283653846153846 0.009615384615384616 0.016826923076923076
1 0.6346153846153846 0.41586538461538464 0.014423076923076924 0.03365384615384615
7 0.5745192307692307 0.3858173076923077 0.026442307692307692 0.03125
1 0.5288461538461539 0.9050480769230769 0.02403846153846154 0.021634615384615384
2 0.5204326923076923 0.9002403846153846 0.007211538461538462 0.004807692307692308
1 0.43149038461538464 0.8846153846153846 0.02403846153846154 0.052884615384615384
17 0.4098557692307692 0.4567307692307692 0.038461538461538464 0.03125
12 0.07572115384615384 0.4831730769230769 0.14903846153846154 0.14903846153846154
17 0.14543269230769232 0.5480769230769231 0.057692307692307696 0.038461538461538464
17 0.15144230769230768 0.05048076923076923 0.03125 0.021634615384615384
17 0.6189903846153846 0.32091346153846156 0.007211538461538462 0.026442307692307692