1 0.6382211538461539 0.4699519230769231 0.17067307692307693 0.052884615384615384
1 0.5216346153846154 0.5012019230769231 0.16105769230769232 0.028846153846153848
2 0.7079326923076923 0.4879807692307692 0.03365384615384615 0.014423076923076924
5 0.45913461538461536 0.45552884615384615 0.052884615384615384 0.040865384615384616
17 0.3401442307692308 0.4963942307692308 0.08173076923076923 0.04567307692307692
17 0.11057692307692307 0.7788461538461539 0.1875 0.0673076923076923
9 0.8076923076923077 0.8822115384615384 0.0673076923076923 0.009615384615384616
17 0.7355769230769231 0.5456730769230769 0.04326923076923077 0.019230769230769232
9 0.3954326923076923 0.7151442307692307 0.08173076923076923 0.007211538461538462
16 0.5877403846153846 0.4375 0.16105769230769232 0.055288461538461536
0 0.5540865384615384 0.5661057692307693 0.021634615384615384 0.009615384615384616