1 0.9014423076923077 0.8028846153846154 0.04326923076923077 0.052884615384615384
1 0.7848557692307693 0.5192307692307693 0.028846153846153848 0.02403846153846154
6 0.6526442307692307 0.8389423076923077 0.004807692307692308 0.004807692307692308
6 0.6899038461538461 0.7680288461538461 0.004807692307692308 0.007211538461538462
6 0.7007211538461539 0.7872596153846154 0.004807692307692308 0.007211538461538462
6 0.7019230769230769 0.7596153846153846 0.004807692307692308 0.004807692307692308
6 0.7319711538461539 0.7884615384615384 0.004807692307692308 0.007211538461538462
6 0.7560096153846154 0.7860576923076923 0.002403846153846154 0.009615384615384616
6 0.7475961538461539 0.7355769230769231 0.004807692307692308 0.007211538461538462
6 0.7920673076923077 0.8064903846153846 0.004807692307692308 0.007211538461538462
6 0.7271634615384616 0.6682692307692307 0.004807692307692308 0.004807692307692308
6 0.7163461538461539 0.6598557692307693 0.004807692307692308 0.009615384615384616
6 0.734375 0.5865384615384616 0.004807692307692308 0.007211538461538462
6 0.7764423076923077 0.5264423076923077 0.004807692307692308 0.004807692307692308
6 0.8004807692307693 0.6153846153846154 0.004807692307692308 0.004807692307692308
6 0.7199519230769231 0.4699519230769231 0.004807692307692308 0.007211538461538462
6 0.7475961538461539 0.4651442307692308 0.004807692307692308 0.007211538461538462
6 0.671875 0.6153846153846154 0.004807692307692308 0.004807692307692308
6 0.6730769230769231 0.6105769230769231 0.004807692307692308 0.004807692307692308
6 0.6418269230769231 0.4963942307692308 0.002403846153846154 0.004807692307692308
6 0.5408653846153846 0.43149038461538464 0.004807692307692308 0.004807692307692308
6 0.5060096153846154 0.15144230769230768 0.009615384615384616 0.009615384615384616
6 0.2536057692307692 0.12740384615384615 0.014423076923076924 0.009615384615384616
6 0.23076923076923078 0.10216346153846154 0.009615384615384616 0.014423076923076924
6 0.25721153846153844 0.20192307692307693 0.009615384615384616 0.009615384615384616
6 0.5673076923076923 0.6430288461538461 0.004807692307692308 0.009615384615384616
6 0.5985576923076923 0.8341346153846154 0.009615384615384616 0.009615384615384616
6 0.15264423076923078 0.43028846153846156 0.016826923076923076 0.009615384615384616
6 0.8966346153846154 0.7415865384615384 0.004807692307692308 0.007211538461538462
6 0.8930288461538461 0.9507211538461539 0.002403846153846154 0.004807692307692308