4 0.5096153846153846 0.5504807692307693 0.08653846153846154 0.0889423076923077
14 0.5420673076923077 0.5120192307692307 0.014423076923076924 0.014423076923076924
17 0.5024038461538461 0.7668269230769231 0.0625 0.028846153846153848
6 0.8713942307692307 0.08653846153846154 0.021634615384615384 0.019230769230769232
6 0.35336538461538464 0.1466346153846154 0.014423076923076924 0.009615384615384616
6 0.421875 0.16466346153846154 0.009615384615384616 0.009615384615384616
6 0.15264423076923078 0.14903846153846154 0.004807692307692308 0.014423076923076924
6 0.16826923076923078 0.17427884615384615 0.009615384615384616 0.004807692307692308
6 0.1875 0.15985576923076922 0.004807692307692308 0.009615384615384616
6 0.22235576923076922 0.18389423076923078 0.009615384615384616 0.007211538461538462
6 0.30408653846153844 0.125 0.007211538461538462 0.014423076923076924
6 0.21754807692307693 0.265625 0.007211538461538462 0.019230769230769232
6 0.14543269230769232 0.2536057692307692 0.007211538461538462 0.014423076923076924
6 0.12620192307692307 0.32091346153846156 0.004807692307692308 0.01201923076923077
6 0.0985576923076923 0.38100961538461536 0.004807692307692308 0.019230769230769232
6 0.078125 0.3329326923076923 0.004807692307692308 0.009615384615384616
6 0.04927884615384615 0.36538461538461536 0.004807692307692308 0.014423076923076924
6 0.09014423076923077 0.38100961538461536 0.004807692307692308 0.014423076923076924
6 0.06370192307692307 0.36538461538461536 0.007211538461538462 0.014423076923076924
6 0.05048076923076923 0.38100961538461536 0.004807692307692308 0.009615384615384616
6 0.14903846153846154 0.49399038461538464 0.009615384615384616 0.009615384615384616
6 0.12620192307692307 0.4735576923076923 0.007211538461538462 0.014423076923076924
6 0.1045673076923077 0.47596153846153844 0.004807692307692308 0.014423076923076924
6 0.13701923076923078 0.546875 0.009615384615384616 0.009615384615384616
6 0.1971153846153846 0.6069711538461539 0.009615384615384616 0.009615384615384616
6 0.5600961538461539 0.6586538461538461 0.019230769230769232 0.019230769230769232
6 0.5120192307692307 0.7800480769230769 0.014423076923076924 0.014423076923076924
6 0.5637019230769231 0.5769230769230769 0.009615384615384616 0.019230769230769232
6 0.5252403846153846 0.6911057692307693 0.01201923076923077 0.014423076923076924
6 0.5757211538461539 0.6911057692307693 0.007211538461538462 0.009615384615384616
6 0.125 0.5721153846153846 0.009615384615384616 0.004807692307692308
6 0.13822115384615385 0.5709134615384616 0.004807692307692308 0.01201923076923077
6 0.1310096153846154 0.49038461538461536 0.007211538461538462 0.009615384615384616
6 0.25721153846153844 0.03485576923076923 0.004807692307692308 0.014423076923076924
6 0.43028846153846156 0.15384615384615385 0.014423076923076924 0.014423076923076924
6 0.20552884615384615 0.109375 0.004807692307692308 0.007211538461538462
6 0.2620192307692308 0.19831730769230768 0.004807692307692308 0.009615384615384616