12 0.8305288461538461 0.05048076923076923 0.021634615384615384 0.04807692307692308
11 0.45072115384615385 0.15985576923076922 0.11057692307692307 0.09375
12 0.5204326923076923 0.11057692307692307 0.038461538461538464 0.038461538461538464
12 0.38461538461538464 0.23677884615384615 0.07932692307692307 0.0889423076923077
12 0.38100961538461536 0.3293269230769231 0.12740384615384615 0.16826923076923078
12 0.33653846153846156 0.4326923076923077 0.1346153846153846 0.09134615384615384
12 0.15144230769230768 0.3605769230769231 0.1875 0.16826923076923078
17 0.8497596153846154 0.7367788461538461 0.052884615384615384 0.07211538461538461
12 0.5372596153846154 0.5709134615384616 0.03125 0.03365384615384615
12 0.43509615384615385 0.6382211538461539 0.014423076923076924 0.014423076923076924
12 0.46634615384615385 0.7019230769230769 0.019230769230769232 0.014423076923076924
17 0.4723557692307692 0.7668269230769231 0.019230769230769232 0.014423076923076924
12 0.4375 0.8774038461538461 0.03365384615384615 0.04326923076923077
15 0.8052884615384616 0.5504807692307693 0.02403846153846154 0.014423076923076924
8 0.796875 0.5588942307692307 0.019230769230769232 0.009615384615384616
17 0.4639423076923077 0.21514423076923078 0.026442307692307692 0.03365384615384615
12 0.3701923076923077 0.10216346153846154 0.0673076923076923 0.04326923076923077
12 0.32091346153846156 0.21754807692307693 0.03125 0.04326923076923077
12 0.030048076923076924 0.6850961538461539 0.06009615384615385 0.08173076923076923
12 0.32091346153846156 0.8990384615384616 0.04807692307692308 0.06009615384615385
16 0.5348557692307693 0.6490384615384616 0.04326923076923077 0.038461538461538464
16 0.5997596153846154 0.6838942307692307 0.028846153846153848 0.038461538461538464
16 0.4855769230769231 0.6995192307692307 0.038461538461538464 0.02403846153846154
17 0.5769230769230769 0.34615384615384615 0.02403846153846154 0.019230769230769232
13 0.4879807692307692 0.4362980769230769 0.038461538461538464 0.038461538461538464
12 0.43509615384615385 0.4050480769230769 0.07211538461538461 0.040865384615384616
12 0.4266826923076923 0.3545673076923077 0.03365384615384615 0.038461538461538464
12 0.4098557692307692 0.4182692307692308 0.04326923076923077 0.03365384615384615
12 0.41346153846153844 0.38341346153846156 0.019230769230769232 0.026442307692307692
12 0.3161057692307692 0.5793269230769231 0.036057692307692304 0.038461538461538464
16 0.08533653846153846 0.5829326923076923 0.04567307692307692 0.04807692307692308
16 0.4807692307692308 0.35216346153846156 0.03365384615384615 0.026442307692307692
17 0.49399038461538464 0.3557692307692308 0.028846153846153848 0.019230769230769232
12 0.4579326923076923 0.6262019230769231 0.019230769230769232 0.028846153846153848
15 0.4375 0.8665865384615384 0.04807692307692308 0.055288461538461536
17 0.21875 0.22115384615384615 0.026442307692307692 0.02403846153846154
17 0.0889423076923077 0.6790865384615384 0.019230769230769232 0.016826923076923076