6 0.41466346153846156 0.19591346153846154 0.16826923076923078 0.06490384615384616
2 0.47475961538461536 0.5024038461538461 0.15865384615384615 0.08653846153846154
17 0.10336538461538461 0.3870192307692308 0.07211538461538461 0.038461538461538464
10 0.9699519230769231 0.3125 0.021634615384615384 0.004807692307692308
10 0.9086538461538461 0.4026442307692308 0.019230769230769232 0.016826923076923076
10 0.9158653846153846 0.4543269230769231 0.02403846153846154 0.014423076923076924
10 0.9771634615384616 0.5420673076923077 0.04326923076923077 0.007211538461538462
10 0.9855769230769231 0.5961538461538461 0.02403846153846154 0.014423076923076924
10 0.9254807692307693 0.578125 0.028846153846153848 0.01201923076923077
10 0.9098557692307693 0.7055288461538461 0.055288461538461536 0.016826923076923076
10 0.8581730769230769 0.9387019230769231 0.014423076923076924 0.009615384615384616
10 0.5504807692307693 0.8930288461538461 0.038461538461538464 0.021634615384615384
10 0.4735576923076923 0.7740384615384616 0.004807692307692308 0.009615384615384616
10 0.5048076923076923 0.8533653846153846 0.009615384615384616 0.009615384615384616
10 0.3233173076923077 0.8894230769230769 0.026442307692307692 0.014423076923076924
10 0.3425480769230769 0.8954326923076923 0.014423076923076924 0.014423076923076924
10 0.056490384615384616 0.22956730769230768 0.021634615384615384 0.019230769230769232
10 0.04326923076923077 0.2439903846153846 0.019230769230769232 0.021634615384615384
10 0.7451923076923077 0.4951923076923077 0.038461538461538464 0.028846153846153848
10 0.7620192307692307 0.6129807692307693 0.019230769230769232 0.02403846153846154
10 0.8016826923076923 0.5901442307692307 0.028846153846153848 0.019230769230769232
10 0.6262019230769231 0.5961538461538461 0.026442307692307692 0.02403846153846154
10 0.6370192307692307 0.6298076923076923 0.02403846153846154 0.014423076923076924
10 0.38221153846153844 0.5637019230769231 0.014423076923076924 0.016826923076923076
10 0.41466346153846156 0.453125 0.038461538461538464 0.019230769230769232
10 0.5456730769230769 0.16706730769230768 0.038461538461538464 0.009615384615384616
10 0.11778846153846154 0.4411057692307692 0.014423076923076924 0.004807692307692308