1 0.8028846153846154 0.0985576923076923 0.052884615384615384 0.04326923076923077
1 0.5192307692307693 0.21514423076923078 0.02403846153846154 0.028846153846153848
6 0.8389423076923077 0.3473557692307692 0.004807692307692308 0.004807692307692308
6 0.7680288461538461 0.31009615384615385 0.007211538461538462 0.004807692307692308
6 0.7872596153846154 0.29927884615384615 0.007211538461538462 0.004807692307692308
6 0.7596153846153846 0.2980769230769231 0.004807692307692308 0.004807692307692308
6 0.7884615384615384 0.26802884615384615 0.007211538461538462 0.004807692307692308
6 0.7860576923076923 0.2439903846153846 0.009615384615384616 0.002403846153846154
6 0.7355769230769231 0.25240384615384615 0.007211538461538462 0.004807692307692308
6 0.8064903846153846 0.20793269230769232 0.007211538461538462 0.004807692307692308
6 0.6682692307692307 0.27283653846153844 0.004807692307692308 0.004807692307692308
6 0.6598557692307693 0.28365384615384615 0.01201923076923077 0.004807692307692308
6 0.5865384615384616 0.265625 0.007211538461538462 0.004807692307692308
6 0.5276442307692307 0.22355769230769232 0.002403846153846154 0.004807692307692308
6 0.6153846153846154 0.19951923076923078 0.004807692307692308 0.004807692307692308
6 0.4699519230769231 0.2800480769230769 0.007211538461538462 0.004807692307692308
6 0.4651442307692308 0.25240384615384615 0.007211538461538462 0.004807692307692308
6 0.6153846153846154 0.328125 0.004807692307692308 0.004807692307692308
6 0.6105769230769231 0.3269230769230769 0.004807692307692308 0.004807692307692308
6 0.4963942307692308 0.3581730769230769 0.004807692307692308 0.002403846153846154
6 0.43149038461538464 0.45913461538461536 0.004807692307692308 0.004807692307692308
6 0.15144230769230768 0.49399038461538464 0.009615384615384616 0.009615384615384616
6 0.12740384615384615 0.7463942307692307 0.009615384615384616 0.014423076923076924
6 0.10216346153846154 0.7692307692307693 0.014423076923076924 0.009615384615384616
6 0.20192307692307693 0.7427884615384616 0.009615384615384616 0.009615384615384616
6 0.6430288461538461 0.4326923076923077 0.009615384615384616 0.004807692307692308
6 0.8341346153846154 0.4014423076923077 0.009615384615384616 0.009615384615384616
6 0.43028846153846156 0.8473557692307693 0.009615384615384616 0.016826923076923076
6 0.7415865384615384 0.10336538461538461 0.007211538461538462 0.004807692307692308
6 0.9507211538461539 0.10697115384615384 0.004807692307692308 0.002403846153846154