17 0.8341346153846154 0.20432692307692307 0.028846153846153848 0.052884615384615384
7 0.7800480769230769 0.5588942307692307 0.026442307692307692 0.03125
1 0.4699519230769231 0.3329326923076923 0.052884615384615384 0.09615384615384616
17 0.8774038461538461 0.057692307692307696 0.038461538461538464 0.02403846153846154
1 0.5456730769230769 0.41225961538461536 0.04807692307692308 0.04326923076923077
7 0.5444711538461539 0.3894230769230769 0.04567307692307692 0.038461538461538464
17 0.36899038461538464 0.5649038461538461 0.038461538461538464 0.03365384615384615
1 0.3786057692307692 0.9495192307692307 0.07932692307692307 0.09615384615384616
9 0.4362980769230769 0.4387019230769231 0.009615384615384616 0.06490384615384616
17 0.8942307692307693 0.49759615384615385 0.014423076923076924 0.04807692307692308
17 0.7007211538461539 0.8509615384615384 0.028846153846153848 0.04567307692307692