7 0.7439903846153846 0.8185096153846154 0.019230769230769232 0.02403846153846154
7 0.5576923076923077 0.2692307692307692 0.019230769230769232 0.028846153846153848
12 0.042067307692307696 0.46274038461538464 0.08173076923076923 0.10096153846153846
11 0.014423076923076924 0.5132211538461539 0.02403846153846154 0.06490384615384616
6 0.16826923076923078 0.3449519230769231 0.004807692307692308 0.014423076923076924
6 0.15865384615384615 0.36538461538461536 0.004807692307692308 0.014423076923076924
6 0.1502403846153846 0.36778846153846156 0.007211538461538462 0.014423076923076924
6 0.14903846153846154 0.36899038461538464 0.004807692307692308 0.009615384615384616
6 0.15504807692307693 0.39903846153846156 0.009615384615384616 0.014423076923076924
6 0.21875 0.3762019230769231 0.009615384615384616 0.009615384615384616
6 0.25841346153846156 0.3762019230769231 0.007211538461538462 0.016826923076923076
6 0.28365384615384615 0.26802884615384615 0.009615384615384616 0.009615384615384616
6 0.4807692307692308 0.25240384615384615 0.009615384615384616 0.004807692307692308
6 0.021634615384615384 0.7824519230769231 0.004807692307692308 0.016826923076923076
6 0.25240384615384615 0.36778846153846156 0.004807692307692308 0.009615384615384616