12 0.6911057692307693 0.1466346153846154 0.13701923076923078 0.13942307692307693
12 0.5552884615384616 0.38100961538461536 0.07692307692307693 0.08653846153846154
12 0.5901442307692307 0.5456730769230769 0.06490384615384616 0.07211538461538461
12 0.33052884615384615 0.7403846153846154 0.06971153846153846 0.052884615384615384
12 0.27283653846153844 0.7980769230769231 0.08173076923076923 0.0673076923076923
12 0.036057692307692304 0.10817307692307693 0.0673076923076923 0.1346153846153846
12 0.7199519230769231 0.6322115384615384 0.036057692307692304 0.04807692307692308
12 0.43149038461538464 0.7391826923076923 0.05048076923076923 0.05048076923076923
8 0.9459134615384616 0.5949519230769231 0.03125 0.026442307692307692
10 0.9723557692307693 0.6466346153846154 0.014423076923076924 0.014423076923076924
12 0.7007211538461539 0.7764423076923077 0.05048076923076923 0.04807692307692308
12 0.21153846153846154 0.6598557692307693 0.0625 0.02403846153846154