17 0.20432692307692307 0.1658653846153846 0.052884615384615384 0.028846153846153848
7 0.5588942307692307 0.21995192307692307 0.03125 0.026442307692307692
1 0.3329326923076923 0.5300480769230769 0.09615384615384616 0.052884615384615384
17 0.057692307692307696 0.12259615384615384 0.02403846153846154 0.038461538461538464
1 0.41225961538461536 0.4543269230769231 0.04326923076923077 0.04807692307692308
7 0.3894230769230769 0.45552884615384615 0.038461538461538464 0.04567307692307692
17 0.5649038461538461 0.6310096153846154 0.03365384615384615 0.038461538461538464
1 0.9495192307692307 0.6213942307692307 0.09615384615384616 0.07932692307692307
9 0.4387019230769231 0.5637019230769231 0.06490384615384616 0.009615384615384616
17 0.49759615384615385 0.10576923076923077 0.04807692307692308 0.014423076923076924
17 0.8509615384615384 0.29927884615384615 0.04807692307692308 0.028846153846153848