17 0.7956730769230769 0.1658653846153846 0.052884615384615384 0.028846153846153848
7 0.4411057692307692 0.21995192307692307 0.03125 0.026442307692307692
1 0.6670673076923077 0.5288461538461539 0.09615384615384616 0.052884615384615384
17 0.9423076923076923 0.12139423076923077 0.02403846153846154 0.038461538461538464
1 0.5877403846153846 0.453125 0.04326923076923077 0.04807692307692308
7 0.6105769230769231 0.45552884615384615 0.038461538461538464 0.04567307692307692
17 0.43509615384615385 0.6298076923076923 0.03365384615384615 0.038461538461538464
1 0.05048076923076923 0.6213942307692307 0.09615384615384616 0.07932692307692307
9 0.5612980769230769 0.5625 0.06490384615384616 0.009615384615384616
17 0.5024038461538461 0.10576923076923077 0.04807692307692308 0.014423076923076924
17 0.14903846153846154 0.2980769230769231 0.04807692307692308 0.028846153846153848