1 0.4699519230769231 0.6382211538461539 0.052884615384615384 0.17067307692307693
1 0.5 0.5228365384615384 0.028846153846153848 0.16105769230769232
2 0.4879807692307692 0.7091346153846154 0.014423076923076924 0.03365384615384615
5 0.45552884615384615 0.46033653846153844 0.040865384615384616 0.052884615384615384
17 0.4963942307692308 0.34134615384615385 0.04567307692307692 0.08173076923076923
17 0.7776442307692307 0.11057692307692307 0.0673076923076923 0.1875
9 0.8810096153846154 0.8088942307692307 0.009615384615384616 0.0673076923076923
17 0.5456730769230769 0.7355769230769231 0.019230769230769232 0.04326923076923077
9 0.7151442307692307 0.39663461538461536 0.007211538461538462 0.08173076923076923
16 0.4362980769230769 0.5877403846153846 0.055288461538461536 0.16105769230769232
0 0.5661057692307693 0.5540865384615384 0.009615384615384616 0.021634615384615384