7 0.8185096153846154 0.25600961538461536 0.02403846153846154 0.019230769230769232
7 0.2692307692307692 0.4423076923076923 0.028846153846153848 0.019230769230769232
12 0.46274038461538464 0.9579326923076923 0.10336538461538461 0.08173076923076923
11 0.5132211538461539 0.9855769230769231 0.06490384615384616 0.02403846153846154
6 0.3449519230769231 0.8317307692307693 0.014423076923076924 0.004807692307692308
6 0.36538461538461536 0.8413461538461539 0.014423076923076924 0.004807692307692308
6 0.36778846153846156 0.8497596153846154 0.014423076923076924 0.007211538461538462
6 0.36899038461538464 0.8509615384615384 0.009615384615384616 0.004807692307692308
6 0.39903846153846156 0.8449519230769231 0.014423076923076924 0.009615384615384616
6 0.3762019230769231 0.78125 0.009615384615384616 0.009615384615384616
6 0.3762019230769231 0.7415865384615384 0.016826923076923076 0.007211538461538462
6 0.26802884615384615 0.7163461538461539 0.009615384615384616 0.009615384615384616
6 0.25240384615384615 0.5192307692307693 0.004807692307692308 0.009615384615384616
6 0.7824519230769231 0.9783653846153846 0.016826923076923076 0.004807692307692308
6 0.36778846153846156 0.7475961538461539 0.009615384615384616 0.004807692307692308