7 0.8762019230769231 0.32211538461538464 0.24278846153846154 0.22115384615384615
7 0.8076923076923077 0.41947115384615385 0.2980769230769231 0.20432692307692307
1 0.5324519230769231 0.23557692307692307 0.5072115384615384 0.25721153846153844
8 0.40625 0.2824519230769231 0.1658653846153846 0.21634615384615385
8 0.5048076923076923 0.4074519230769231 0.21153846153846154 0.13701923076923078
7 0.18028846153846154 0.2956730769230769 0.3557692307692308 0.2644230769230769
7 0.20072115384615385 0.5480769230769231 0.39663461538461536 0.2644230769230769
4 0.5276442307692307 0.7800480769230769 0.3894230769230769 0.2644230769230769
13 0.5048076923076923 0.4098557692307692 0.21153846153846154 0.14182692307692307
17 0.7151442307692307 0.39302884615384615 0.14903846153846154 0.11057692307692307
15 0.4326923076923077 0.30649038461538464 0.2764423076923077 0.07211538461538461