1 0.4423076923076923 0.5877403846153846 0.13942307692307693 0.24759615384615385
2 0.4831730769230769 0.49158653846153844 0.038461538461538464 0.055288461538461536
12 0.25 0.1971153846153846 0.24759615384615385 0.3942307692307692
0 0.44711538461538464 0.2536057692307692 0.019230769230769232 0.03125
17 0.5084134615384616 0.18028846153846154 0.016826923076923076 0.02403846153846154
1 0.41346153846153844 0.15745192307692307 0.08173076923076923 0.24519230769230768
1 0.3641826923076923 0.03245192307692308 0.038461538461538464 0.0625
2 0.37259615384615385 0.052884615384615384 0.019230769230769232 0.02403846153846154
1 0.6057692307692307 0.026442307692307692 0.25961538461538464 0.052884615384615384
13 0.6262019230769231 0.06490384615384616 0.13942307692307693 0.0673076923076923
2 0.6310096153846154 0.37740384615384615 0.014423076923076924 0.016826923076923076
8 0.5384615384615384 0.08653846153846154 0.052884615384615384 0.08173076923076923
10 0.15625 0.039663461538461536 0.05048076923076923 0.07692307692307693