5 0.796875 0.59375 0.055288461538461536 0.07211538461538461
15 0.8209134615384616 0.6165865384615384 0.019230769230769232 0.007211538461538462
6 0.7524038461538461 0.5805288461538461 0.04326923076923077 0.0625
6 0.4206730769230769 0.9050480769230769 0.03365384615384615 0.01201923076923077
6 0.38822115384615385 0.8557692307692307 0.019230769230769232 0.019230769230769232
6 0.4338942307692308 0.7680288461538461 0.016826923076923076 0.009615384615384616
12 0.3581730769230769 0.7620192307692307 0.009615384615384616 0.02403846153846154
17 0.41947115384615385 0.8629807692307693 0.0625 0.07211538461538461
6 0.0985576923076923 0.8245192307692307 0.014423076923076924 0.028846153846153848
6 0.4423076923076923 0.6838942307692307 0.004807692307692308 0.016826923076923076
6 0.7644230769230769 0.7355769230769231 0.014423076923076924 0.014423076923076924
6 0.0673076923076923 0.9927884615384616 0.019230769230769232 0.009615384615384616