4 0.4495192307692308 0.5096153846153846 0.0889423076923077 0.08653846153846154
14 0.4879807692307692 0.5420673076923077 0.014423076923076924 0.014423076923076924
17 0.23317307692307693 0.5024038461538461 0.028846153846153848 0.0625
6 0.9134615384615384 0.8713942307692307 0.019230769230769232 0.021634615384615384
6 0.8533653846153846 0.35336538461538464 0.009615384615384616 0.014423076923076924
6 0.8353365384615384 0.421875 0.009615384615384616 0.009615384615384616
6 0.8509615384615384 0.15264423076923078 0.014423076923076924 0.004807692307692308
6 0.8257211538461539 0.16706730769230768 0.004807692307692308 0.009615384615384616
6 0.8401442307692307 0.1875 0.009615384615384616 0.004807692307692308
6 0.8161057692307693 0.22235576923076922 0.007211538461538462 0.009615384615384616
6 0.875 0.30408653846153844 0.014423076923076924 0.007211538461538462
6 0.734375 0.21634615384615385 0.019230769230769232 0.007211538461538462
6 0.7463942307692307 0.14543269230769232 0.014423076923076924 0.007211538461538462
6 0.6790865384615384 0.125 0.01201923076923077 0.004807692307692308
6 0.6189903846153846 0.09735576923076923 0.019230769230769232 0.004807692307692308
6 0.6670673076923077 0.078125 0.009615384615384616 0.004807692307692308
6 0.6346153846153846 0.04807692307692308 0.014423076923076924 0.004807692307692308
6 0.6189903846153846 0.09014423076923077 0.014423076923076924 0.004807692307692308
6 0.6346153846153846 0.0625 0.014423076923076924 0.007211538461538462
6 0.6189903846153846 0.05048076923076923 0.01201923076923077 0.004807692307692308
6 0.5060096153846154 0.14903846153846154 0.009615384615384616 0.009615384615384616
6 0.5264423076923077 0.12620192307692307 0.014423076923076924 0.007211538461538462
6 0.5240384615384616 0.10336538461538461 0.014423076923076924 0.004807692307692308
6 0.453125 0.13581730769230768 0.009615384615384616 0.009615384615384616
6 0.39302884615384615 0.19591346153846154 0.009615384615384616 0.009615384615384616
6 0.34134615384615385 0.5588942307692307 0.019230769230769232 0.019230769230769232
6 0.21995192307692307 0.5108173076923077 0.014423076923076924 0.014423076923076924
6 0.4230769230769231 0.5625 0.019230769230769232 0.009615384615384616
6 0.3088942307692308 0.5252403846153846 0.014423076923076924 0.01201923076923077
6 0.3088942307692308 0.5757211538461539 0.009615384615384616 0.007211538461538462
6 0.42788461538461536 0.12379807692307693 0.004807692307692308 0.009615384615384616
6 0.42908653846153844 0.13701923076923078 0.01201923076923077 0.004807692307692308
6 0.5096153846153846 0.1310096153846154 0.009615384615384616 0.007211538461538462
6 0.9651442307692307 0.25721153846153844 0.014423076923076924 0.004807692307692308
6 0.8461538461538461 0.43028846153846156 0.014423076923076924 0.014423076923076924
6 0.890625 0.20432692307692307 0.007211538461538462 0.004807692307692308
6 0.8016826923076923 0.2608173076923077 0.009615384615384616 0.004807692307692308