12 0.7716346153846154 0.39663461538461536 0.2403846153846154 0.35096153846153844
1 0.8197115384615384 0.34975961538461536 0.03365384615384615 0.040865384615384616
1 0.8677884615384616 0.2980769230769231 0.03365384615384615 0.038461538461538464
1 0.8629807692307693 0.2704326923076923 0.028846153846153848 0.052884615384615384
12 0.8377403846153846 0.3329326923076923 0.040865384615384616 0.057692307692307696
9 0.328125 0.46033653846153844 0.052884615384615384 0.12259615384615384
5 0.2920673076923077 0.2764423076923077 0.07932692307692307 0.09615384615384616
11 0.3449519230769231 0.31850961538461536 0.0625 0.040865384615384616
11 0.18028846153846154 0.11298076923076923 0.02403846153846154 0.014423076923076924
11 0.24879807692307693 0.32091346153846156 0.026442307692307692 0.02403846153846154
2 0.28365384615384615 0.16947115384615385 0.009615384615384616 0.009615384615384616
2 0.25600961538461536 0.15865384615384615 0.009615384615384616 0.009615384615384616
2 0.5240384615384616 0.12980769230769232 0.009615384615384616 0.009615384615384616
2 0.625 0.2980769230769231 0.01201923076923077 0.009615384615384616
2 0.5564903846153846 0.3016826923076923 0.01201923076923077 0.009615384615384616
2 0.421875 0.3088942307692308 0.009615384615384616 0.01201923076923077
17 0.12980769230769232 0.020432692307692308 0.014423076923076924 0.009615384615384616