12 0.16826923076923078 0.04447115384615385 0.014423076923076924 0.03365384615384615
12 0.18389423076923078 0.06850961538461539 0.021634615384615384 0.0625
12 0.21995192307692307 0.14302884615384615 0.028846153846153848 0.040865384615384616
12 0.24158653846153846 0.1778846153846154 0.06009615384615385 0.0673076923076923
12 0.3918269230769231 0.328125 0.03365384615384615 0.05048076923076923
12 0.46274038461538464 0.34975961538461536 0.06490384615384616 0.0673076923076923
12 0.4338942307692308 0.39663461538461536 0.055288461538461536 0.11057692307692307
12 0.4375 0.33653846153846156 0.03365384615384615 0.07451923076923077
12 0.4735576923076923 0.5264423076923077 0.0673076923076923 0.09615384615384616
12 0.40024038461538464 0.5528846153846154 0.04567307692307692 0.08653846153846154
12 0.3605769230769231 0.5612980769230769 0.0625 0.06971153846153846
12 0.4026442307692308 0.6658653846153846 0.10336538461538461 0.15384615384615385
12 0.6189903846153846 0.765625 0.08653846153846154 0.12259615384615384
12 0.5588942307692307 0.7644230769230769 0.05048076923076923 0.08173076923076923
12 0.671875 0.6887019230769231 0.07211538461538461 0.07451923076923077
12 0.6995192307692307 0.47115384615384615 0.09134615384615384 0.1346153846153846
12 0.6021634615384616 0.47596153846153844 0.15865384615384615 0.18990384615384615
12 0.49759615384615385 0.4387019230769231 0.0625 0.04807692307692308
12 0.5336538461538461 0.36778846153846156 0.052884615384615384 0.057692307692307696
17 0.45552884615384615 0.4735576923076923 0.03365384615384615 0.04326923076923077
12 0.6838942307692307 0.5997596153846154 0.09134615384615384 0.1201923076923077
12 0.6550480769230769 0.6021634615384616 0.055288461538461536 0.11057692307692307
12 0.7848557692307693 0.45913461538461536 0.06009615384615385 0.1201923076923077
12 0.6153846153846154 0.5649038461538461 0.0673076923076923 0.07211538461538461
12 0.6057692307692307 0.5144230769230769 0.07692307692307693 0.08173076923076923
12 0.59375 0.6442307692307693 0.0625 0.11538461538461539
12 0.6995192307692307 0.8233173076923077 0.057692307692307696 0.06490384615384616
12 0.7836538461538461 0.7487980769230769 0.038461538461538464 0.06971153846153846
12 0.8076923076923077 0.7127403846153846 0.0625 0.06490384615384616
12 0.7512019230769231 0.5709134615384616 0.0985576923076923 0.15384615384615385
1 0.5144230769230769 0.8076923076923077 0.07211538461538461 0.057692307692307696
12 0.47836538461538464 0.7319711538461539 0.028846153846153848 0.08173076923076923
12 0.32572115384615385 0.7451923076923077 0.021634615384615384 0.04807692307692308
12 0.9242788461538461 0.8269230769230769 0.028846153846153848 0.038461538461538464
12 0.6225961538461539 0.48197115384615385 0.04807692307692308 0.04326923076923077
12 0.5336538461538461 0.6346153846153846 0.021634615384615384 0.028846153846153848
12 0.5649038461538461 0.671875 0.028846153846153848 0.026442307692307692
12 0.59375 0.7043269230769231 0.028846153846153848 0.028846153846153848