3 0.7716346153846154 0.39663461538461536 0.052884615384615384 0.04326923076923077
3 0.7836538461538461 0.5709134615384616 0.009615384615384616 0.016826923076923076
3 0.8449519230769231 0.3581730769230769 0.009615384615384616 0.014423076923076924
3 0.6694711538461539 0.6754807692307693 0.016826923076923076 0.009615384615384616
3 0.6778846153846154 0.625 0.009615384615384616 0.009615384615384616
3 0.6538461538461539 0.5192307692307693 0.014423076923076924 0.014423076923076924
3 0.6225961538461539 0.484375 0.038461538461538464 0.016826923076923076
3 0.6310096153846154 0.5120192307692307 0.004807692307692308 0.009615384615384616
3 0.7463942307692307 0.5144230769230769 0.007211538461538462 0.019230769230769232
3 0.6742788461538461 0.43509615384615385 0.007211538461538462 0.014423076923076924
3 0.6550480769230769 0.4326923076923077 0.007211538461538462 0.009615384615384616
3 0.5180288461538461 0.5709134615384616 0.014423076923076924 0.019230769230769232
3 0.5709134615384616 0.5733173076923077 0.014423076923076924 0.009615384615384616
3 0.5072115384615384 0.5324519230769231 0.019230769230769232 0.026442307692307692
3 0.25961538461538464 0.5480769230769231 0.10096153846153846 0.09134615384615384
3 0.2920673076923077 0.36899038461538464 0.0889423076923077 0.10096153846153846
3 0.21875 0.5793269230769231 0.019230769230769232 0.028846153846153848
3 0.21754807692307693 0.5576923076923077 0.016826923076923076 0.028846153846153848
3 0.37259615384615385 0.4807692307692308 0.009615384615384616 0.014423076923076924
3 0.37259615384615385 0.4170673076923077 0.014423076923076924 0.014423076923076924
3 0.4098557692307692 0.6694711538461539 0.01201923076923077 0.009615384615384616
3 0.06610576923076923 0.4495192307692308 0.026442307692307692 0.021634615384615384
3 0.5661057692307693 0.4170673076923077 0.009615384615384616 0.004807692307692308
3 0.9242788461538461 0.6057692307692307 0.014423076923076924 0.009615384615384616
3 0.6382211538461539 0.49399038461538464 0.01201923076923077 0.009615384615384616
17 0.6790865384615384 0.8930288461538461 0.019230769230769232 0.028846153846153848
6 0.4338942307692308 0.3737980769230769 0.019230769230769232 0.009615384615384616
3 0.7992788461538461 0.8689903846153846 0.016826923076923076 0.016826923076923076