3 0.6033653846153846 0.7716346153846154 0.04326923076923077 0.052884615384615384
3 0.42908653846153844 0.7836538461538461 0.016826923076923076 0.009615384615384616
3 0.6418269230769231 0.8449519230769231 0.014423076923076924 0.009615384615384616
3 0.3245192307692308 0.6694711538461539 0.009615384615384616 0.016826923076923076
3 0.375 0.6778846153846154 0.009615384615384616 0.009615384615384616
3 0.4807692307692308 0.6538461538461539 0.014423076923076924 0.014423076923076924
3 0.515625 0.6225961538461539 0.016826923076923076 0.038461538461538464
3 0.4879807692307692 0.6310096153846154 0.009615384615384616 0.004807692307692308
3 0.4855769230769231 0.7463942307692307 0.019230769230769232 0.007211538461538462
3 0.5649038461538461 0.6742788461538461 0.014423076923076924 0.007211538461538462
3 0.5673076923076923 0.6550480769230769 0.009615384615384616 0.007211538461538462
3 0.42908653846153844 0.5168269230769231 0.019230769230769232 0.014423076923076924
3 0.4266826923076923 0.5709134615384616 0.009615384615384616 0.014423076923076924
3 0.4675480769230769 0.5072115384615384 0.026442307692307692 0.019230769230769232
3 0.4519230769230769 0.25961538461538464 0.09134615384615384 0.10096153846153846
3 0.6310096153846154 0.2920673076923077 0.10096153846153846 0.0889423076923077
3 0.4206730769230769 0.21754807692307693 0.028846153846153848 0.019230769230769232
3 0.4423076923076923 0.21754807692307693 0.028846153846153848 0.016826923076923076
3 0.5192307692307693 0.37259615384615385 0.014423076923076924 0.009615384615384616
3 0.5829326923076923 0.37259615384615385 0.014423076923076924 0.014423076923076924
3 0.33052884615384615 0.4098557692307692 0.009615384615384616 0.01201923076923077
3 0.5504807692307693 0.06610576923076923 0.02403846153846154 0.026442307692307692
3 0.5829326923076923 0.5661057692307693 0.004807692307692308 0.009615384615384616
3 0.3942307692307692 0.9230769230769231 0.009615384615384616 0.014423076923076924
3 0.5060096153846154 0.6370192307692307 0.009615384615384616 0.01201923076923077
17 0.10697115384615384 0.6778846153846154 0.028846153846153848 0.019230769230769232
6 0.6262019230769231 0.4326923076923077 0.009615384615384616 0.019230769230769232
3 0.1310096153846154 0.7992788461538461 0.016826923076923076 0.016826923076923076