6 0.8040865384615384 0.41466346153846156 0.06490384615384616 0.16826923076923078
2 0.49759615384615385 0.47475961538461536 0.08653846153846154 0.15865384615384615
17 0.6129807692307693 0.10336538461538461 0.038461538461538464 0.07211538461538461
10 0.6875 0.9699519230769231 0.004807692307692308 0.021634615384615384
10 0.5973557692307693 0.9098557692307693 0.016826923076923076 0.019230769230769232
10 0.5456730769230769 0.9158653846153846 0.014423076923076924 0.02403846153846154
10 0.45913461538461536 0.9771634615384616 0.009615384615384616 0.040865384615384616
10 0.40384615384615385 0.9855769230769231 0.014423076923076924 0.02403846153846154
10 0.421875 0.9254807692307693 0.01201923076923077 0.028846153846153848
10 0.29447115384615385 0.9098557692307693 0.016826923076923076 0.055288461538461536
10 0.06129807692307692 0.8581730769230769 0.009615384615384616 0.014423076923076924
10 0.10697115384615384 0.5504807692307693 0.021634615384615384 0.038461538461538464
10 0.22596153846153846 0.4735576923076923 0.009615384615384616 0.004807692307692308
10 0.1466346153846154 0.5048076923076923 0.009615384615384616 0.009615384615384616
10 0.11057692307692307 0.3233173076923077 0.014423076923076924 0.026442307692307692
10 0.1045673076923077 0.3425480769230769 0.014423076923076924 0.014423076923076924
10 0.7704326923076923 0.056490384615384616 0.019230769230769232 0.02403846153846154
10 0.7560096153846154 0.04447115384615385 0.021634615384615384 0.019230769230769232
10 0.5048076923076923 0.7451923076923077 0.028846153846153848 0.038461538461538464
10 0.3870192307692308 0.7632211538461539 0.02403846153846154 0.019230769230769232
10 0.4098557692307692 0.8016826923076923 0.019230769230769232 0.028846153846153848
10 0.40384615384615385 0.6274038461538461 0.02403846153846154 0.026442307692307692
10 0.3701923076923077 0.6370192307692307 0.014423076923076924 0.02403846153846154
10 0.4362980769230769 0.38221153846153844 0.016826923076923076 0.014423076923076924
10 0.546875 0.41586538461538464 0.019230769230769232 0.038461538461538464
10 0.8329326923076923 0.546875 0.009615384615384616 0.038461538461538464
10 0.5588942307692307 0.11899038461538461 0.004807692307692308 0.014423076923076924