7 0.33413461538461536 0.5745192307692307 0.052884615384615384 0.10096153846153846
10 0.9110576923076923 0.40625 0.057692307692307696 0.07211538461538461
10 0.9399038461538461 0.40384615384615385 0.02403846153846154 0.04326923076923077
17 0.6995192307692307 0.5925480769230769 0.019230769230769232 0.026442307692307692
6 0.8389423076923077 0.5540865384615384 0.014423076923076924 0.026442307692307692
6 0.7884615384615384 0.6286057692307693 0.019230769230769232 0.014423076923076924
6 0.6802884615384616 0.8653846153846154 0.014423076923076924 0.021634615384615384
6 0.6598557692307693 0.9411057692307693 0.019230769230769232 0.026442307692307692
6 0.5084134615384616 0.10697115384615384 0.016826923076923076 0.021634615384615384
6 0.4879807692307692 0.013221153846153846 0.009615384615384616 0.021634615384615384
6 0.35697115384615385 0.24879807692307693 0.019230769230769232 0.007211538461538462