7 0.5745192307692307 0.6646634615384616 0.10096153846153846 0.052884615384615384
10 0.40625 0.08774038461538461 0.07211538461538461 0.057692307692307696
10 0.40384615384615385 0.05889423076923077 0.04326923076923077 0.02403846153846154
17 0.5925480769230769 0.3004807692307692 0.026442307692307692 0.019230769230769232
6 0.5540865384615384 0.16105769230769232 0.026442307692307692 0.014423076923076924
6 0.6298076923076923 0.21153846153846154 0.014423076923076924 0.019230769230769232
6 0.8653846153846154 0.31971153846153844 0.021634615384615384 0.014423076923076924
6 0.9411057692307693 0.3389423076923077 0.026442307692307692 0.019230769230769232
6 0.10697115384615384 0.49158653846153844 0.021634615384615384 0.016826923076923076
6 0.014423076923076924 0.5120192307692307 0.021634615384615384 0.009615384615384616
6 0.24879807692307693 0.6418269230769231 0.007211538461538462 0.019230769230769232