1 0.8329326923076923 0.22596153846153846 0.23317307692307693 0.040865384615384616
12 0.7524038461538461 0.23918269230769232 0.11057692307692307 0.0625
2 0.46634615384615385 0.3641826923076923 0.04326923076923077 0.038461538461538464
2 0.38822115384615385 0.4170673076923077 0.05048076923076923 0.04326923076923077
7 0.4519230769230769 0.5120192307692307 0.28846153846153844 0.07211538461538461
7 0.65625 0.5120192307692307 0.13942307692307693 0.057692307692307696
1 0.5865384615384616 0.6081730769230769 0.2932692307692308 0.052884615384615384
7 0.6875 0.6129807692307693 0.15865384615384615 0.04807692307692308
1 0.7175480769230769 0.6730769230769231 0.39663461538461536 0.052884615384615384
1 0.5204326923076923 0.7055288461538461 0.34134615384615385 0.06490384615384616
11 0.6370192307692307 0.4639423076923077 0.1778846153846154 0.057692307692307696
12 0.8701923076923077 0.39903846153846156 0.25721153846153844 0.09615384615384616
11 0.6658653846153846 0.7536057692307693 0.0625 0.040865384615384616
11 0.5925480769230769 0.765625 0.055288461538461536 0.06490384615384616