5 0.5600961538461539 0.3894230769230769 0.47596153846153844 0.37740384615384615
4 0.43990384615384615 0.24278846153846154 0.052884615384615384 0.0625
4 0.3605769230769231 0.24759615384615385 0.10576923076923077 0.04807692307692308
4 0.3701923076923077 0.2920673076923077 0.10576923076923077 0.04326923076923077
4 0.36658653846153844 0.3173076923076923 0.0889423076923077 0.0625
4 0.2776442307692308 0.23918269230769232 0.0625 0.08413461538461539
4 0.203125 0.21514423076923078 0.09615384615384616 0.055288461538461536
4 0.1875 0.2776442307692308 0.11538461538461539 0.06490384615384616
4 0.171875 0.3545673076923077 0.11057692307692307 0.07932692307692307
4 0.2668269230769231 0.32211538461538464 0.09134615384615384 0.08173076923076923
4 0.29927884615384615 0.36899038461538464 0.0889423076923077 0.08653846153846154
4 0.39903846153846156 0.4831730769230769 0.11538461538461539 0.08173076923076923
4 0.22235576923076922 0.5144230769230769 0.12259615384615384 0.0625
4 0.5985576923076923 0.6021634615384616 0.125 0.0673076923076923
4 0.6538461538461539 0.6622596153846154 0.11057692307692307 0.0985576923076923
4 0.5240384615384616 0.8762019230769231 0.13942307692307693 0.06971153846153846
14 0.6838942307692307 0.6995192307692307 0.021634615384615384 0.014423076923076924
14 0.4375 0.5084134615384616 0.009615384615384616 0.009615384615384616
14 0.23557692307692307 0.2920673076923077 0.014423076923076924 0.009615384615384616
14 0.5360576923076923 0.6213942307692307 0.009615384615384616 0.009615384615384616