1 0.3245192307692308 0.6935096153846154 0.07451923076923077 0.055288461538461536
2 0.3545673076923077 0.6706730769230769 0.01201923076923077 0.009615384615384616
12 0.23076923076923078 0.7908653846153846 0.057692307692307696 0.036057692307692304
12 0.4110576923076923 0.7355769230769231 0.07211538461538461 0.028846153846153848
12 0.5348557692307693 0.3425480769230769 0.1201923076923077 0.09134615384615384
12 0.7283653846153846 0.21634615384615385 0.06490384615384616 0.052884615384615384
12 0.6081730769230769 0.5252403846153846 0.04807692307692308 0.04326923076923077
17 0.29086538461538464 0.8521634615384616 0.014423076923076924 0.009615384615384616
17 0.09254807692307693 0.984375 0.028846153846153848 0.021634615384615384
17 0.08533653846153846 0.9915865384615384 0.036057692307692304 0.01201923076923077
17 0.5408653846153846 0.7548076923076923 0.028846153846153848 0.026442307692307692
12 0.49399038461538464 0.27403846153846156 0.057692307692307696 0.0673076923076923