16 0.5661057692307693 0.5060096153846154 0.13942307692307693 0.4182692307692308
10 0.5889423076923077 0.5841346153846154 0.07211538461538461 0.12259615384615384
16 0.6838942307692307 0.53125 0.15144230769230768 0.3557692307692308
12 0.8509615384615384 0.25841346153846156 0.21153846153846154 0.3389423076923077
12 0.7451923076923077 0.31490384615384615 0.07692307692307693 0.20432692307692307
12 0.8521634615384616 0.37259615384615385 0.28365384615384615 0.5144230769230769
12 0.5745192307692307 0.8088942307692307 0.10096153846153846 0.2283653846153846
12 0.5564903846153846 0.8653846153846154 0.06490384615384616 0.057692307692307696
12 0.6382211538461539 0.9290865384615384 0.0985576923076923 0.13701923076923078
12 0.7716346153846154 0.6081730769230769 0.09134615384615384 0.1346153846153846
1 0.6911057692307693 0.8233173076923077 0.15384615384615385 0.23076923076923078