1 0.3137019230769231 0.5360576923076923 0.0625 0.0625
1 0.4723557692307692 0.6430288461538461 0.11538461538461539 0.0673076923076923
3 0.4254807692307692 0.5264423076923077 0.014423076923076924 0.014423076923076924
3 0.4639423076923077 0.5408653846153846 0.028846153846153848 0.019230769230769232
3 0.4855769230769231 0.7548076923076923 0.057692307692307696 0.04326923076923077
3 0.5612980769230769 0.8870192307692307 0.028846153846153848 0.03365384615384615
3 0.3786057692307692 0.7367788461538461 0.014423076923076924 0.009615384615384616
3 0.3762019230769231 0.6370192307692307 0.009615384615384616 0.009615384615384616
3 0.27884615384615385 0.6033653846153846 0.04326923076923077 0.014423076923076924
3 0.38100961538461536 0.5721153846153846 0.009615384615384616 0.014423076923076924
3 0.4519230769230769 0.5889423076923077 0.014423076923076924 0.019230769230769232
3 0.46153846153846156 0.6730769230769231 0.019230769230769232 0.019230769230769232
3 0.5300480769230769 0.5504807692307693 0.026442307692307692 0.014423076923076924
3 0.6310096153846154 0.49038461538461536 0.021634615384615384 0.052884615384615384
3 0.6394230769230769 0.3581730769230769 0.019230769230769232 0.014423076923076924
3 0.6081730769230769 0.6298076923076923 0.0625 0.019230769230769232
3 0.5588942307692307 0.6754807692307693 0.05048076923076923 0.052884615384615384
3 0.6850961538461539 0.6105769230769231 0.019230769230769232 0.019230769230769232
3 0.5240384615384616 0.6033653846153846 0.02403846153846154 0.04326923076923077
3 0.6021634615384616 0.6682692307692307 0.021634615384615384 0.009615384615384616
3 0.5612980769230769 0.7103365384615384 0.04326923076923077 0.021634615384615384
3 0.6262019230769231 0.7199519230769231 0.009615384615384616 0.016826923076923076
3 0.6274038461538461 0.6923076923076923 0.019230769230769232 0.014423076923076924
3 0.6418269230769231 0.6887019230769231 0.028846153846153848 0.007211538461538462
3 0.6538461538461539 0.7103365384615384 0.014423076923076924 0.009615384615384616
3 0.5889423076923077 0.5252403846153846 0.01201923076923077 0.009615384615384616
3 0.6189903846153846 0.6466346153846154 0.021634615384615384 0.014423076923076924
3 0.8269230769230769 0.5024038461538461 0.014423076923076924 0.016826923076923076
3 0.6262019230769231 0.6694711538461539 0.009615384615384616 0.009615384615384616
3 0.6274038461538461 0.6826923076923077 0.014423076923076924 0.004807692307692308
3 0.7295673076923077 0.625 0.009615384615384616 0.019230769230769232
3 0.6430288461538461 0.6670673076923077 0.014423076923076924 0.009615384615384616
3 0.5444711538461539 0.6117788461538461 0.007211538461538462 0.007211538461538462
3 0.6153846153846154 0.5901442307692307 0.009615384615384616 0.007211538461538462
3 0.7391826923076923 0.6466346153846154 0.009615384615384616 0.014423076923076924
3 0.7680288461538461 0.7463942307692307 0.019230769230769232 0.007211538461538462
3 0.8016826923076923 0.8305288461538461 0.014423076923076924 0.004807692307692308
3 0.35697115384615385 0.6550480769230769 0.009615384615384616 0.009615384615384616
3 0.6358173076923077 0.6526442307692307 0.007211538461538462 0.01201923076923077
3 0.6466346153846154 0.6430288461538461 0.014423076923076924 0.004807692307692308
3 0.7079326923076923 0.6478365384615384 0.016826923076923076 0.007211538461538462
3 0.7223557692307693 0.6574519230769231 0.009615384615384616 0.007211538461538462
3 0.4483173076923077 0.6706730769230769 0.009615384615384616 0.014423076923076924
3 0.49038461538461536 0.6838942307692307 0.007211538461538462 0.007211538461538462
3 0.46634615384615385 0.3161057692307692 0.014423076923076924 0.026442307692307692
3 0.8846153846153846 0.6899038461538461 0.009615384615384616 0.016826923076923076
3 0.7367788461538461 0.8413461538461539 0.014423076923076924 0.014423076923076924
3 0.36899038461538464 0.6298076923076923 0.004807692307692308 0.009615384615384616
3 0.25240384615384615 0.8966346153846154 0.014423076923076924 0.009615384615384616
3 0.25600961538461536 0.9086538461538461 0.014423076923076924 0.014423076923076924
3 0.23798076923076922 0.9074519230769231 0.019230769230769232 0.021634615384615384
3 0.23317307692307693 0.9242788461538461 0.009615384615384616 0.009615384615384616
3 0.9627403846153846 0.5973557692307693 0.009615384615384616 0.019230769230769232
6 0.013221153846153846 0.7379807692307693 0.009615384615384616 0.019230769230769232