7 0.5084134615384616 0.5240384615384616 0.07211538461538461 0.09134615384615384
17 0.41586538461538464 0.5709134615384616 0.057692307692307696 0.04326923076923077
6 0.40625 0.5396634615384616 0.009615384615384616 0.016826923076923076
6 0.4170673076923077 0.5204326923076923 0.016826923076923076 0.019230769230769232
6 0.43509615384615385 0.5180288461538461 0.02403846153846154 0.009615384615384616
6 0.43509615384615385 0.49158653846153844 0.004807692307692308 0.016826923076923076
6 0.4579326923076923 0.5096153846153846 0.014423076923076924 0.009615384615384616
6 0.4567307692307692 0.47115384615384615 0.014423076923076924 0.019230769230769232
6 0.46634615384615385 0.4963942307692308 0.009615384615384616 0.009615384615384616
6 0.4639423076923077 0.49399038461538464 0.014423076923076924 0.007211538461538462
6 0.46274038461538464 0.49038461538461536 0.021634615384615384 0.007211538461538462
6 0.44591346153846156 0.49038461538461536 0.004807692307692308 0.02403846153846154
6 0.40865384615384615 0.5540865384615384 0.014423076923076924 0.007211538461538462
6 0.41586538461538464 0.5576923076923077 0.014423076923076924 0.009615384615384616
6 0.4375 0.5552884615384616 0.009615384615384616 0.004807692307692308
6 0.17307692307692307 0.6057692307692307 0.004807692307692308 0.007211538461538462
6 0.5721153846153846 0.06610576923076923 0.004807692307692308 0.009615384615384616