1 0.6382211538461539 0.5300480769230769 0.17067307692307693 0.052884615384615384
1 0.5216346153846154 0.4987980769230769 0.16105769230769232 0.028846153846153848
2 0.7079326923076923 0.5120192307692307 0.03365384615384615 0.014423076923076924
5 0.45913461538461536 0.5444711538461539 0.052884615384615384 0.040865384615384616
17 0.3401442307692308 0.5036057692307693 0.08173076923076923 0.04567307692307692
17 0.11057692307692307 0.22115384615384615 0.1875 0.0673076923076923
9 0.8076923076923077 0.11778846153846154 0.0673076923076923 0.009615384615384616
17 0.7355769230769231 0.4543269230769231 0.04326923076923077 0.019230769230769232
9 0.3954326923076923 0.2848557692307692 0.08173076923076923 0.007211538461538462
16 0.5877403846153846 0.5625 0.16105769230769232 0.055288461538461536
0 0.5540865384615384 0.4338942307692308 0.021634615384615384 0.009615384615384616