4 0.49399038461538464 0.5048076923076923 0.10096153846153846 0.02403846153846154
14 0.4579326923076923 0.5036057692307693 0.021634615384615384 0.007211538461538462
11 0.5793269230769231 0.5697115384615384 0.052884615384615384 0.02403846153846154
6 0.625 0.5300480769230769 0.03365384615384615 0.007211538461538462
6 0.4879807692307692 0.5132211538461539 0.02403846153846154 0.007211538461538462
6 0.5 0.5132211538461539 0.014423076923076924 0.007211538461538462
6 0.5264423076923077 0.5168269230769231 0.019230769230769232 0.002403846153846154
6 0.3713942307692308 0.46153846153846156 0.021634615384615384 0.009615384615384616
6 0.38461538461538464 0.49158653846153844 0.009615384615384616 0.009615384615384616
11 0.36899038461538464 0.4855769230769231 0.038461538461538464 0.014423076923076924
11 0.2824519230769231 0.4855769230769231 0.038461538461538464 0.014423076923076924
6 0.2548076923076923 0.44591346153846156 0.014423076923076924 0.009615384615384616
6 0.2980769230769231 0.45072115384615385 0.019230769230769232 0.009615384615384616
6 0.13942307692307693 0.3858173076923077 0.019230769230769232 0.009615384615384616
6 0.06490384615384616 0.35697115384615385 0.014423076923076924 0.009615384615384616
6 0.17307692307692307 0.43509615384615385 0.028846153846153848 0.009615384615384616
12 0.11057692307692307 0.4014423076923077 0.14423076923076922 0.08653846153846154