1 0.7151442307692307 0.7764423076923077 0.13701923076923078 0.11298076923076923
6 0.5348557692307693 0.054086538461538464 0.02403846153846154 0.019230769230769232
6 0.7920673076923077 0.37259615384615385 0.004807692307692308 0.014423076923076924
6 0.7884615384615384 0.38461538461538464 0.019230769230769232 0.009615384615384616
6 0.7872596153846154 0.3485576923076923 0.004807692307692308 0.009615384615384616
6 0.7944711538461539 0.3473557692307692 0.009615384615384616 0.01201923076923077
6 0.9855769230769231 0.2247596153846154 0.021634615384615384 0.014423076923076924
6 0.9387019230769231 0.5444711538461539 0.009615384615384616 0.01201923076923077
6 0.9387019230769231 0.5733173076923077 0.004807692307692308 0.014423076923076924
6 0.9471153846153846 0.6081730769230769 0.01201923076923077 0.009615384615384616
6 0.9375 0.5841346153846154 0.004807692307692308 0.009615384615384616
6 0.5612980769230769 0.8689903846153846 0.004807692307692308 0.009615384615384616
6 0.5396634615384616 0.8786057692307693 0.009615384615384616 0.007211538461538462
6 0.5096153846153846 0.7644230769230769 0.021634615384615384 0.007211538461538462
6 0.24519230769230768 0.5625 0.009615384615384616 0.009615384615384616
6 0.20072115384615385 0.1814903846153846 0.021634615384615384 0.016826923076923076
6 0.9711538461538461 0.4651442307692308 0.019230769230769232 0.007211538461538462
6 0.7235576923076923 0.42427884615384615 0.004807692307692308 0.014423076923076924