4 0.2668269230769231 0.5120192307692307 0.04807692307692308 0.125
4 0.31009615384615385 0.5012019230769231 0.04807692307692308 0.13701923076923078
4 0.35216346153846156 0.5096153846153846 0.04807692307692308 0.14423076923076922
4 0.39783653846153844 0.5336538461538461 0.04807692307692308 0.125
4 0.43990384615384615 0.5216346153846154 0.04807692307692308 0.13942307692307693
4 0.4807692307692308 0.5036057692307693 0.04326923076923077 0.12980769230769232
4 0.5216346153846154 0.5036057692307693 0.04326923076923077 0.14423076923076922
4 0.5649038461538461 0.5276442307692307 0.04807692307692308 0.1466346153846154
1 0.6033653846153846 0.5300480769230769 0.04326923076923077 0.19471153846153846
4 0.6730769230769231 0.5576923076923077 0.0625 0.1346153846153846
4 0.5204326923076923 0.6225961538461539 0.11538461538461539 0.0625
4 0.41346153846153844 0.6213942307692307 0.10096153846153846 0.052884615384615384
4 0.30288461538461536 0.6165865384615384 0.11538461538461539 0.0625
17 0.24519230769230768 0.5973557692307693 0.028846153846153848 0.036057692307692304
14 0.3161057692307692 0.5552884615384616 0.014423076923076924 0.019230769230769232
14 0.35216346153846156 0.5745192307692307 0.01201923076923077 0.009615384615384616
14 0.4326923076923077 0.5793269230769231 0.014423076923076924 0.009615384615384616
14 0.4795673076923077 0.5540865384615384 0.009615384615384616 0.009615384615384616
14 0.5216346153846154 0.5661057692307693 0.009615384615384616 0.004807692307692308
17 0.44711538461538464 0.33774038461538464 0.02403846153846154 0.014423076923076924
17 0.41346153846153844 0.3401442307692308 0.038461538461538464 0.021634615384615384
17 0.3870192307692308 0.35336538461538464 0.02403846153846154 0.038461538461538464
17 0.6514423076923077 0.390625 0.021634615384615384 0.03365384615384615
17 0.6117788461538461 0.90625 0.004807692307692308 0.02403846153846154
2 0.6069711538461539 0.6189903846153846 0.019230769230769232 0.014423076923076924