7 0.12259615384615384 0.32211538461538464 0.24519230769230768 0.21634615384615385
7 0.19230769230769232 0.41947115384615385 0.2980769230769231 0.20432692307692307
1 0.4675480769230769 0.23557692307692307 0.5072115384615384 0.25721153846153844
8 0.59375 0.2824519230769231 0.16346153846153846 0.21634615384615385
8 0.4951923076923077 0.4074519230769231 0.21153846153846154 0.13701923076923078
7 0.8197115384615384 0.2980769230769231 0.3557692307692308 0.2644230769230769
7 0.7992788461538461 0.5480769230769231 0.39663461538461536 0.2644230769230769
4 0.4723557692307692 0.7800480769230769 0.3894230769230769 0.2644230769230769
13 0.4951923076923077 0.4098557692307692 0.21153846153846154 0.14182692307692307
17 0.2848557692307692 0.39302884615384615 0.14903846153846154 0.11057692307692307
15 0.5673076923076923 0.30649038461538464 0.27403846153846156 0.07211538461538461