1 0.3125 0.4651442307692308 0.0625 0.0625
1 0.47115384615384615 0.35697115384615385 0.11538461538461539 0.0673076923076923
3 0.4254807692307692 0.47475961538461536 0.014423076923076924 0.014423076923076924
3 0.46274038461538464 0.46033653846153844 0.028846153846153848 0.019230769230769232
3 0.4855769230769231 0.24639423076923078 0.057692307692307696 0.04326923076923077
3 0.5600961538461539 0.11298076923076923 0.028846153846153848 0.03365384615384615
3 0.3786057692307692 0.2644230769230769 0.014423076923076924 0.009615384615384616
3 0.3762019230769231 0.3629807692307692 0.009615384615384616 0.009615384615384616
3 0.2776442307692308 0.39663461538461536 0.04326923076923077 0.014423076923076924
3 0.38100961538461536 0.42788461538461536 0.009615384615384616 0.014423076923076924
3 0.4519230769230769 0.4110576923076923 0.014423076923076924 0.019230769230769232
3 0.46153846153846156 0.328125 0.019230769230769232 0.019230769230769232
3 0.5300480769230769 0.45072115384615385 0.026442307692307692 0.014423076923076924
3 0.6310096153846154 0.5096153846153846 0.021634615384615384 0.052884615384615384
3 0.6394230769230769 0.6418269230769231 0.019230769230769232 0.014423076923076924
3 0.6081730769230769 0.3701923076923077 0.0625 0.019230769230769232
3 0.5588942307692307 0.3245192307692308 0.05048076923076923 0.052884615384615384
3 0.6838942307692307 0.3894230769230769 0.019230769230769232 0.019230769230769232
3 0.5240384615384616 0.39663461538461536 0.02403846153846154 0.04326923076923077
3 0.6009615384615384 0.3329326923076923 0.021634615384615384 0.009615384615384616
3 0.5600961538461539 0.28966346153846156 0.04326923076923077 0.021634615384615384
3 0.625 0.2800480769230769 0.009615384615384616 0.016826923076923076
3 0.6274038461538461 0.3076923076923077 0.019230769230769232 0.014423076923076924
3 0.640625 0.3112980769230769 0.028846153846153848 0.007211538461538462
3 0.6538461538461539 0.29086538461538464 0.014423076923076924 0.009615384615384616
3 0.5877403846153846 0.47475961538461536 0.01201923076923077 0.009615384615384616
3 0.6189903846153846 0.35336538461538464 0.021634615384615384 0.014423076923076924
3 0.8269230769230769 0.4987980769230769 0.014423076923076924 0.016826923076923076
3 0.6262019230769231 0.33052884615384615 0.009615384615384616 0.009615384615384616
3 0.6274038461538461 0.3173076923076923 0.014423076923076924 0.004807692307692308
3 0.7283653846153846 0.3762019230769231 0.009615384615384616 0.019230769230769232
3 0.6430288461538461 0.3329326923076923 0.014423076923076924 0.009615384615384616
3 0.5444711538461539 0.38822115384615385 0.007211538461538462 0.007211538461538462
3 0.6153846153846154 0.4098557692307692 0.009615384615384616 0.007211538461538462
3 0.7391826923076923 0.3545673076923077 0.009615384615384616 0.014423076923076924
3 0.7680288461538461 0.2536057692307692 0.019230769230769232 0.007211538461538462
3 0.8016826923076923 0.16947115384615385 0.014423076923076924 0.004807692307692308
3 0.3557692307692308 0.34615384615384615 0.009615384615384616 0.009615384615384616
3 0.6358173076923077 0.3473557692307692 0.007211538461538462 0.01201923076923077
3 0.6454326923076923 0.3581730769230769 0.014423076923076924 0.004807692307692308
3 0.7079326923076923 0.35336538461538464 0.016826923076923076 0.007211538461538462
3 0.7211538461538461 0.3425480769230769 0.009615384615384616 0.007211538461538462
3 0.44711538461538464 0.33052884615384615 0.009615384615384616 0.014423076923076924
3 0.4891826923076923 0.3161057692307692 0.007211538461538462 0.007211538461538462
3 0.46634615384615385 0.6838942307692307 0.014423076923076924 0.026442307692307692
3 0.8846153846153846 0.31009615384615385 0.009615384615384616 0.019230769230769232
3 0.7355769230769231 0.15865384615384615 0.014423076923076924 0.014423076923076924
3 0.36778846153846156 0.3713942307692308 0.004807692307692308 0.009615384615384616
3 0.25240384615384615 0.10336538461538461 0.014423076923076924 0.009615384615384616
3 0.2548076923076923 0.09254807692307693 0.014423076923076924 0.014423076923076924
3 0.23798076923076922 0.09254807692307693 0.019230769230769232 0.021634615384615384
3 0.23197115384615385 0.07572115384615384 0.009615384615384616 0.009615384615384616
3 0.9615384615384616 0.40384615384615385 0.009615384615384616 0.019230769230769232
6 0.01201923076923077 0.2620192307692308 0.009615384615384616 0.019230769230769232