5 0.20432692307692307 0.40625 0.057692307692307696 0.07211538461538461
15 0.18028846153846154 0.38341346153846156 0.019230769230769232 0.007211538461538462
6 0.24759615384615385 0.41947115384615385 0.04326923076923077 0.0625
6 0.5793269230769231 0.09495192307692307 0.03365384615384615 0.01201923076923077
6 0.6129807692307693 0.14423076923076922 0.019230769230769232 0.019230769230769232
6 0.5661057692307693 0.23197115384615385 0.016826923076923076 0.009615384615384616
12 0.6430288461538461 0.23798076923076922 0.009615384615384616 0.02403846153846154
17 0.5805288461538461 0.13701923076923078 0.0625 0.07211538461538461
6 0.9014423076923077 0.17548076923076922 0.014423076923076924 0.028846153846153848
6 0.5588942307692307 0.3161057692307692 0.004807692307692308 0.016826923076923076
6 0.23557692307692307 0.2644230769230769 0.014423076923076924 0.014423076923076924
6 0.9338942307692307 0.007211538461538462 0.016826923076923076 0.01201923076923077