1 0.53125 0.3004807692307692 0.20673076923076922 0.125
2 0.4423076923076923 0.2536057692307692 0.028846153846153848 0.028846153846153848
6 0.5072115384615384 0.23557692307692307 0.02403846153846154 0.02403846153846154
6 0.5264423076923077 0.2283653846153846 0.009615384615384616 0.019230769230769232
11 0.6033653846153846 0.6730769230769231 0.07451923076923077 0.0625
4 0.5264423076923077 0.8233173076923077 0.11057692307692307 0.07211538461538461
14 0.5600961538461539 0.8461538461538461 0.02403846153846154 0.009615384615384616
6 0.5240384615384616 0.9555288461538461 0.01201923076923077 0.016826923076923076
6 0.5757211538461539 0.9795673076923077 0.021634615384615384 0.009615384615384616
6 0.5901442307692307 0.796875 0.026442307692307692 0.01201923076923077
6 0.546875 0.8269230769230769 0.03365384615384615 0.014423076923076924
17 0.5901442307692307 0.9182692307692307 0.038461538461538464 0.014423076923076924
6 0.5925480769230769 0.8990384615384616 0.028846153846153848 0.014423076923076924