7 0.6826923076923077 0.6935096153846154 0.11057692307692307 0.09615384615384616
7 0.8365384615384616 0.078125 0.0673076923076923 0.05048076923076923
7 0.4651442307692308 0.5829326923076923 0.15865384615384615 0.07451923076923077
15 0.6430288461538461 0.7668269230769231 0.11057692307692307 0.11057692307692307
15 0.8245192307692307 0.04447115384615385 0.04326923076923077 0.08653846153846154
8 0.6598557692307693 0.7391826923076923 0.10336538461538461 0.07211538461538461
8 0.8401442307692307 0.042067307692307696 0.06971153846153846 0.040865384615384616
5 0.47596153846153844 0.4495192307692308 0.3076923076923077 0.20673076923076922
5 0.8942307692307693 0.2956730769230769 0.20673076923076922 0.22115384615384615
9 0.6862980769230769 0.2091346153846154 0.18269230769230768 0.08173076923076923
11 0.6262019230769231 0.42427884615384615 0.04567307692307692 0.040865384615384616
17 0.8449519230769231 0.6899038461538461 0.08173076923076923 0.040865384615384616
6 0.7259615384615384 0.26802884615384615 0.03365384615384615 0.007211538461538462