1 0.5300480769230769 0.36177884615384615 0.052884615384615384 0.17067307692307693
1 0.5 0.47716346153846156 0.028846153846153848 0.16105769230769232
2 0.5120192307692307 0.29086538461538464 0.014423076923076924 0.03365384615384615
5 0.5444711538461539 0.5396634615384616 0.040865384615384616 0.052884615384615384
17 0.5036057692307693 0.6586538461538461 0.04567307692307692 0.08173076923076923
17 0.22235576923076922 0.8894230769230769 0.0673076923076923 0.1875
9 0.11899038461538461 0.19110576923076922 0.009615384615384616 0.0673076923076923
17 0.4543269230769231 0.2644230769230769 0.019230769230769232 0.04326923076923077
9 0.2848557692307692 0.6033653846153846 0.007211538461538462 0.08173076923076923
16 0.5637019230769231 0.41225961538461536 0.055288461538461536 0.16105769230769232
0 0.4338942307692308 0.44591346153846156 0.009615384615384616 0.021634615384615384