1 0.1875 0.3713942307692308 0.10096153846153846 0.17548076923076922
1 0.4170673076923077 0.453125 0.07211538461538461 0.14903846153846154
1 0.6177884615384616 0.2620192307692308 0.03365384615384615 0.14903846153846154
1 0.65625 0.20793269230769232 0.03365384615384615 0.0625
1 0.5096153846153846 0.2536057692307692 0.07211538461538461 0.057692307692307696
1 0.7620192307692307 0.47475961538461536 0.02403846153846154 0.07932692307692307
1 0.7103365384615384 0.19110576923076922 0.04807692307692308 0.05048076923076923
1 0.6526442307692307 0.057692307692307696 0.03365384615384615 0.0673076923076923
1 0.8810096153846154 0.057692307692307696 0.04807692307692308 0.03365384615384615
1 0.9170673076923077 0.014423076923076924 0.021634615384615384 0.028846153846153848
12 0.36177884615384615 0.4639423076923077 0.026442307692307692 0.03365384615384615
12 0.21153846153846154 0.26802884615384615 0.038461538461538464 0.057692307692307696
2 0.6213942307692307 0.19110576923076922 0.004807692307692308 0.009615384615384616
2 0.7608173076923077 0.4387019230769231 0.01201923076923077 0.007211538461538462
7 0.6394230769230769 0.15264423076923078 0.052884615384615384 0.09375
17 0.7223557692307693 0.09134615384615384 0.10817307692307693 0.18269230769230768
17 0.9819711538461539 0.013221153846153846 0.03125 0.021634615384615384
5 0.9326923076923077 0.06971153846153846 0.019230769230769232 0.028846153846153848
11 0.3233173076923077 0.23197115384615385 0.014423076923076924 0.016826923076923076
6 0.109375 0.31850961538461536 0.021634615384615384 0.019230769230769232