16 0.49399038461538464 0.5661057692307693 0.4182692307692308 0.13942307692307693
10 0.41586538461538464 0.5889423076923077 0.12259615384615384 0.07211538461538461
16 0.46875 0.6838942307692307 0.3557692307692308 0.15144230769230768
12 0.7415865384615384 0.8509615384615384 0.3389423076923077 0.21394230769230768
12 0.6850961538461539 0.7451923076923077 0.20432692307692307 0.07932692307692307
12 0.6274038461538461 0.8521634615384616 0.5144230769230769 0.2860576923076923
12 0.19110576923076922 0.5745192307692307 0.2283653846153846 0.10096153846153846
12 0.1346153846153846 0.5564903846153846 0.057692307692307696 0.06490384615384616
12 0.06971153846153846 0.6370192307692307 0.13942307692307693 0.09615384615384616
12 0.3918269230769231 0.7716346153846154 0.1346153846153846 0.09134615384615384
1 0.17668269230769232 0.6911057692307693 0.23076923076923078 0.15625