12 0.05048076923076923 0.8305288461538461 0.04807692307692308 0.021634615384615384
11 0.15985576923076922 0.4519230769230769 0.09375 0.11057692307692307
12 0.11057692307692307 0.5204326923076923 0.038461538461538464 0.038461538461538464
12 0.23677884615384615 0.3858173076923077 0.0889423076923077 0.07932692307692307
12 0.3293269230769231 0.38100961538461536 0.16826923076923078 0.12740384615384615
12 0.4326923076923077 0.33653846153846156 0.09134615384615384 0.1346153846153846
12 0.3605769230769231 0.15144230769230768 0.16826923076923078 0.1875
17 0.7355769230769231 0.8509615384615384 0.07211538461538461 0.052884615384615384
12 0.5709134615384616 0.5372596153846154 0.03365384615384615 0.03125
12 0.6370192307692307 0.43509615384615385 0.014423076923076924 0.014423076923076924
12 0.7007211538461539 0.4675480769230769 0.014423076923076924 0.019230769230769232
17 0.765625 0.4735576923076923 0.014423076923076924 0.019230769230769232
12 0.8774038461538461 0.4375 0.04326923076923077 0.03365384615384615
15 0.5504807692307693 0.8064903846153846 0.014423076923076924 0.02403846153846154
8 0.5588942307692307 0.796875 0.009615384615384616 0.019230769230769232
17 0.21394230769230768 0.4651442307692308 0.03365384615384615 0.026442307692307692
12 0.10096153846153846 0.3701923076923077 0.04326923076923077 0.0673076923076923
12 0.21634615384615385 0.32091346153846156 0.04326923076923077 0.03125
12 0.6850961538461539 0.030048076923076924 0.08173076923076923 0.057692307692307696
12 0.8978365384615384 0.32211538461538464 0.0625 0.04807692307692308
16 0.6478365384615384 0.5348557692307693 0.038461538461538464 0.04326923076923077
16 0.6838942307692307 0.6009615384615384 0.038461538461538464 0.028846153846153848
16 0.6995192307692307 0.4855769230769231 0.02403846153846154 0.038461538461538464
17 0.3449519230769231 0.578125 0.019230769230769232 0.02403846153846154
13 0.43509615384615385 0.4891826923076923 0.038461538461538464 0.038461538461538464
12 0.4050480769230769 0.43509615384615385 0.040865384615384616 0.07211538461538461
12 0.3545673076923077 0.42788461538461536 0.038461538461538464 0.03365384615384615
12 0.4170673076923077 0.4110576923076923 0.03365384615384615 0.04326923076923077
12 0.38341346153846156 0.41346153846153844 0.026442307692307692 0.019230769230769232
12 0.5793269230769231 0.3161057692307692 0.038461538461538464 0.036057692307692304
16 0.5829326923076923 0.08653846153846154 0.04807692307692308 0.04326923076923077
16 0.35096153846153844 0.48197115384615385 0.026442307692307692 0.03365384615384615
17 0.3557692307692308 0.49399038461538464 0.019230769230769232 0.028846153846153848
12 0.625 0.4579326923076923 0.028846153846153848 0.019230769230769232
15 0.8665865384615384 0.4387019230769231 0.055288461538461536 0.04807692307692308
17 0.22115384615384615 0.21995192307692307 0.02403846153846154 0.026442307692307692
17 0.6790865384615384 0.0889423076923077 0.016826923076923076 0.019230769230769232