12 0.8533653846153846 0.3088942307692308 0.13942307692307693 0.13701923076923078
12 0.6189903846153846 0.44471153846153844 0.08653846153846154 0.07692307692307693
12 0.4543269230769231 0.4098557692307692 0.07211538461538461 0.06490384615384616
12 0.25961538461538464 0.6694711538461539 0.052884615384615384 0.06971153846153846
12 0.20192307692307693 0.7271634615384616 0.0673076923076923 0.08173076923076923
12 0.8918269230769231 0.9639423076923077 0.1346153846153846 0.0673076923076923
12 0.36778846153846156 0.2800480769230769 0.04807692307692308 0.036057692307692304
12 0.2608173076923077 0.5685096153846154 0.05048076923076923 0.05048076923076923
8 0.4050480769230769 0.054086538461538464 0.026442307692307692 0.03125
10 0.35336538461538464 0.027644230769230768 0.014423076923076924 0.014423076923076924
12 0.22355769230769232 0.29927884615384615 0.04807692307692308 0.05048076923076923
12 0.3401442307692308 0.7884615384615384 0.02403846153846154 0.0625