17 0.7956730769230769 0.8341346153846154 0.052884615384615384 0.028846153846153848
7 0.4411057692307692 0.7800480769230769 0.03125 0.026442307692307692
1 0.6670673076923077 0.47115384615384615 0.09615384615384616 0.052884615384615384
17 0.9423076923076923 0.8786057692307693 0.02403846153846154 0.038461538461538464
1 0.5877403846153846 0.546875 0.04326923076923077 0.04807692307692308
7 0.6105769230769231 0.5444711538461539 0.038461538461538464 0.04567307692307692
17 0.4362980769230769 0.3701923076923077 0.03365384615384615 0.038461538461538464
1 0.05048076923076923 0.3786057692307692 0.09615384615384616 0.07932692307692307
9 0.5625 0.4375 0.06490384615384616 0.009615384615384616
17 0.5036057692307693 0.8942307692307693 0.04807692307692308 0.014423076923076924
17 0.1502403846153846 0.7019230769230769 0.04807692307692308 0.028846153846153848