3 0.2283653846153846 0.39663461538461536 0.052884615384615384 0.04326923076923077
3 0.21634615384615385 0.5709134615384616 0.009615384615384616 0.016826923076923076
3 0.15504807692307693 0.3581730769230769 0.01201923076923077 0.014423076923076924
3 0.33052884615384615 0.6754807692307693 0.016826923076923076 0.009615384615384616
3 0.32211538461538464 0.625 0.009615384615384616 0.009615384615384616
3 0.34615384615384615 0.5192307692307693 0.014423076923076924 0.014423076923076924
3 0.37740384615384615 0.484375 0.038461538461538464 0.016826923076923076
3 0.36899038461538464 0.5120192307692307 0.004807692307692308 0.009615384615384616
3 0.2536057692307692 0.5144230769230769 0.007211538461538462 0.019230769230769232
3 0.32572115384615385 0.43509615384615385 0.007211538461538462 0.014423076923076924
3 0.3449519230769231 0.4326923076923077 0.007211538461538462 0.009615384615384616
3 0.4831730769230769 0.5709134615384616 0.014423076923076924 0.019230769230769232
3 0.42908653846153844 0.5733173076923077 0.014423076923076924 0.009615384615384616
3 0.49278846153846156 0.5324519230769231 0.019230769230769232 0.026442307692307692
3 0.7403846153846154 0.5480769230769231 0.10096153846153846 0.09134615384615384
3 0.7079326923076923 0.36899038461538464 0.0889423076923077 0.10096153846153846
3 0.7824519230769231 0.5793269230769231 0.019230769230769232 0.028846153846153848
3 0.7824519230769231 0.5576923076923077 0.016826923076923076 0.03125
3 0.6274038461538461 0.4807692307692308 0.009615384615384616 0.014423076923076924
3 0.6274038461538461 0.4170673076923077 0.014423076923076924 0.014423076923076924
3 0.5901442307692307 0.6694711538461539 0.01201923076923077 0.009615384615384616
3 0.9338942307692307 0.4495192307692308 0.026442307692307692 0.02403846153846154
3 0.4338942307692308 0.4170673076923077 0.009615384615384616 0.004807692307692308
3 0.07692307692307693 0.6057692307692307 0.014423076923076924 0.009615384615384616
3 0.3629807692307692 0.49399038461538464 0.01201923076923077 0.009615384615384616
17 0.32211538461538464 0.8930288461538461 0.019230769230769232 0.028846153846153848
6 0.5673076923076923 0.3737980769230769 0.019230769230769232 0.009615384615384616
3 0.20072115384615385 0.8689903846153846 0.016826923076923076 0.016826923076923076