10 0.25721153846153844 0.7620192307692307 0.019230769230769232 0.02403846153846154
6 0.9026442307692307 0.8509615384615384 0.021634615384615384 0.05048076923076923
6 0.9711538461538461 0.4963942307692308 0.009615384615384616 0.13701923076923078
6 0.7704326923076923 0.09495192307692307 0.028846153846153848 0.05048076923076923
10 0.26322115384615385 0.06490384615384616 0.021634615384615384 0.0625
10 0.37259615384615385 0.30649038461538464 0.004807692307692308 0.009615384615384616
10 0.5360576923076923 0.28725961538461536 0.004807692307692308 0.009615384615384616
10 0.5709134615384616 0.36778846153846156 0.019230769230769232 0.028846153846153848
10 0.6526442307692307 0.3629807692307692 0.004807692307692308 0.009615384615384616
10 0.7319711538461539 0.0673076923076923 0.009615384615384616 0.014423076923076924
10 0.8653846153846154 0.18509615384615385 0.02403846153846154 0.052884615384615384
10 0.27403846153846156 0.703125 0.01201923076923077 0.009615384615384616
17 0.5973557692307693 0.44711538461538464 0.0625 0.0673076923076923
6 0.8990384615384616 0.4483173076923077 0.014423076923076924 0.04807692307692308
6 0.8173076923076923 0.16105769230769232 0.038461538461538464 0.03365384615384615
6 0.765625 0.042067307692307696 0.026442307692307692 0.019230769230769232
10 0.3016826923076923 0.4230769230769231 0.007211538461538462 0.009615384615384616