12 0.43028846153846156 0.25 0.028846153846153848 0.0673076923076923
6 0.4110576923076923 0.41346153846153844 0.004807692307692308 0.028846153846153848
6 0.36658653846153844 0.4254807692307692 0.009615384615384616 0.016826923076923076
6 0.4014423076923077 0.2512019230769231 0.009615384615384616 0.014423076923076924
6 0.3317307692307692 0.5877403846153846 0.019230769230769232 0.038461538461538464
6 0.3125 0.5673076923076923 0.014423076923076924 0.019230769230769232
6 0.3269230769230769 0.6153846153846154 0.004807692307692308 0.03365384615384615
6 0.1971153846153846 0.6754807692307693 0.014423076923076924 0.019230769230769232
6 0.18870192307692307 0.7632211538461539 0.01201923076923077 0.016826923076923076
6 0.421875 0.6911057692307693 0.007211538461538462 0.03365384615384615
6 0.4519230769230769 0.11538461538461539 0.009615384615384616 0.028846153846153848