1 0.5096153846153846 0.6153846153846154 0.17307692307692307 0.04326923076923077
6 0.49399038461538464 0.5060096153846154 0.02403846153846154 0.004807692307692308
6 0.42788461538461536 0.5564903846153846 0.02403846153846154 0.004807692307692308
6 0.16947115384615385 0.40625 0.021634615384615384 0.004807692307692308
6 0.3605769230769231 0.4206730769230769 0.009615384615384616 0.009615384615384616
6 0.7439903846153846 0.6394230769230769 0.03125 0.004807692307692308
6 0.4951923076923077 0.8137019230769231 0.021634615384615384 0.009615384615384616
6 0.046875 0.36658653846153844 0.009615384615384616 0.007211538461538462
6 0.042067307692307696 0.20192307692307693 0.009615384615384616 0.004807692307692308
6 0.052884615384615384 0.23798076923076922 0.014423076923076924 0.004807692307692308
6 0.21514423076923078 0.24278846153846154 0.014423076923076924 0.004807692307692308
6 0.203125 0.25240384615384615 0.009615384615384616 0.004807692307692308
6 0.5853365384615384 0.3088942307692308 0.019230769230769232 0.002403846153846154
6 0.5564903846153846 0.2932692307692308 0.016826923076923076 0.004807692307692308
6 0.36658653846153844 0.28846153846153844 0.016826923076923076 0.004807692307692308
6 0.4050480769230769 0.2776442307692308 0.009615384615384616 0.007211538461538462
6 0.5168269230769231 0.28725961538461536 0.004807692307692308 0.004807692307692308
6 0.75 0.33653846153846156 0.014423076923076924 0.004807692307692308
6 0.9447115384615384 0.4495192307692308 0.014423076923076924 0.007211538461538462
6 0.8798076923076923 0.4699519230769231 0.009615384615384616 0.004807692307692308
6 0.6274038461538461 0.6430288461538461 0.019230769230769232 0.007211538461538462
6 0.49759615384615385 0.7199519230769231 0.019230769230769232 0.01201923076923077
17 0.27283653846153844 0.3605769230769231 0.009615384615384616 0.004807692307692308
6 0.7716346153846154 0.5348557692307693 0.014423076923076924 0.007211538461538462
6 0.9591346153846154 0.4266826923076923 0.004807692307692308 0.007211538461538462