1 0.7644230769230769 0.609375 0.038461538461538464 0.06009615384615385
17 0.7716346153846154 0.35697115384615385 0.016826923076923076 0.01201923076923077
1 0.5841346153846154 0.36538461538461536 0.03365384615384615 0.014423076923076924
7 0.6141826923076923 0.4254807692307692 0.03125 0.026442307692307692
1 0.09495192307692307 0.47115384615384615 0.021634615384615384 0.02403846153846154
2 0.09975961538461539 0.4795673076923077 0.004807692307692308 0.007211538461538462
1 0.11538461538461539 0.5685096153846154 0.052884615384615384 0.02403846153846154
17 0.5432692307692307 0.5901442307692307 0.03125 0.038461538461538464
12 0.5168269230769231 0.9242788461538461 0.14903846153846154 0.14903846153846154
17 0.4519230769230769 0.8545673076923077 0.038461538461538464 0.057692307692307696
17 0.9495192307692307 0.8485576923076923 0.021634615384615384 0.03125
17 0.6790865384615384 0.38100961538461536 0.026442307692307692 0.007211538461538462