1 0.49038461538461536 0.6153846153846154 0.17307692307692307 0.04326923076923077
6 0.5060096153846154 0.5048076923076923 0.02403846153846154 0.004807692307692308
6 0.5721153846153846 0.5564903846153846 0.02403846153846154 0.004807692307692308
6 0.8305288461538461 0.40625 0.021634615384615384 0.004807692307692308
6 0.6394230769230769 0.4206730769230769 0.009615384615384616 0.009615384615384616
6 0.25600961538461536 0.6394230769230769 0.03125 0.004807692307692308
6 0.5048076923076923 0.8125 0.021634615384615384 0.009615384615384616
6 0.953125 0.36658653846153844 0.009615384615384616 0.007211538461538462
6 0.9579326923076923 0.20072115384615385 0.009615384615384616 0.004807692307692308
6 0.9471153846153846 0.23677884615384615 0.014423076923076924 0.004807692307692308
6 0.7848557692307693 0.24158653846153846 0.014423076923076924 0.004807692307692308
6 0.796875 0.25240384615384615 0.009615384615384616 0.004807692307692308
6 0.41466346153846156 0.3088942307692308 0.019230769230769232 0.002403846153846154
6 0.44350961538461536 0.2932692307692308 0.016826923076923076 0.004807692307692308
6 0.6334134615384616 0.28846153846153844 0.016826923076923076 0.004807692307692308
6 0.5949519230769231 0.2776442307692308 0.009615384615384616 0.007211538461538462
6 0.4831730769230769 0.2860576923076923 0.004807692307692308 0.004807692307692308
6 0.25 0.33653846153846156 0.014423076923076924 0.004807692307692308
6 0.055288461538461536 0.4483173076923077 0.014423076923076924 0.007211538461538462
6 0.1201923076923077 0.4699519230769231 0.009615384615384616 0.004807692307692308
6 0.37259615384615385 0.6430288461538461 0.019230769230769232 0.007211538461538462
6 0.5024038461538461 0.7199519230769231 0.019230769230769232 0.01201923076923077
17 0.7271634615384616 0.3605769230769231 0.009615384615384616 0.004807692307692308
6 0.2283653846153846 0.5348557692307693 0.014423076923076924 0.007211538461538462
6 0.040865384615384616 0.4266826923076923 0.004807692307692308 0.007211538461538462