12 0.9795673076923077 0.9266826923076923 0.036057692307692304 0.14182692307692307
1 0.5444711538461539 0.32091346153846156 0.019230769230769232 0.04326923076923077
6 0.5216346153846154 0.19591346153846154 0.004807692307692308 0.009615384615384616
10 0.47716346153846156 0.7800480769230769 0.004807692307692308 0.014423076923076924
10 0.5264423076923077 0.37259615384615385 0.004807692307692308 0.007211538461538462
6 0.45913461538461536 0.24639423076923078 0.009615384615384616 0.014423076923076924
17 0.4423076923076923 0.07932692307692307 0.007211538461538462 0.009615384615384616
11 0.5661057692307693 0.2668269230769231 0.014423076923076924 0.009615384615384616
11 0.5865384615384616 0.5456730769230769 0.019230769230769232 0.019230769230769232
17 0.5733173076923077 0.5300480769230769 0.009615384615384616 0.019230769230769232
6 0.5745192307692307 0.7560096153846154 0.028846153846153848 0.016826923076923076
6 0.49278846153846156 0.8653846153846154 0.004807692307692308 0.009615384615384616
10 0.5612980769230769 0.9411057692307693 0.016826923076923076 0.014423076923076924
6 0.4651442307692308 0.3798076923076923 0.007211538461538462 0.009615384615384616
17 0.4338942307692308 0.18509615384615385 0.009615384615384616 0.019230769230769232
13 0.5348557692307693 0.13581730769230768 0.016826923076923076 0.036057692307692304
17 0.5709134615384616 0.14543269230769232 0.016826923076923076 0.03365384615384615
17 0.5348557692307693 0.078125 0.007211538461538462 0.009615384615384616
17 0.49158653846153844 0.07932692307692307 0.009615384615384616 0.02403846153846154
17 0.5733173076923077 0.31490384615384615 0.007211538461538462 0.014423076923076924
3 0.5252403846153846 0.47596153846153844 0.004807692307692308 0.009615384615384616
17 0.5625 0.5108173076923077 0.007211538461538462 0.009615384615384616