5 0.40625 0.203125 0.07211538461538461 0.055288461538461536
15 0.38341346153846156 0.17908653846153846 0.007211538461538462 0.019230769230769232
6 0.41947115384615385 0.24759615384615385 0.0625 0.04326923076923077
6 0.09495192307692307 0.5793269230769231 0.01201923076923077 0.03365384615384615
6 0.14423076923076922 0.6117788461538461 0.019230769230769232 0.019230769230769232
6 0.23197115384615385 0.5661057692307693 0.009615384615384616 0.016826923076923076
12 0.23798076923076922 0.6418269230769231 0.02403846153846154 0.009615384615384616
17 0.13701923076923078 0.5805288461538461 0.07211538461538461 0.0625
6 0.17548076923076922 0.9014423076923077 0.028846153846153848 0.014423076923076924
6 0.3161057692307692 0.5576923076923077 0.016826923076923076 0.004807692307692308
6 0.2644230769230769 0.23557692307692307 0.014423076923076924 0.014423076923076924
6 0.006009615384615385 0.9338942307692307 0.009615384615384616 0.016826923076923076