1 0.6153846153846154 0.5096153846153846 0.04326923076923077 0.17307692307692307
6 0.5048076923076923 0.49399038461538464 0.004807692307692308 0.02403846153846154
6 0.5564903846153846 0.42788461538461536 0.004807692307692308 0.02403846153846154
6 0.40625 0.16947115384615385 0.004807692307692308 0.021634615384615384
6 0.4206730769230769 0.3605769230769231 0.009615384615384616 0.009615384615384616
6 0.6394230769230769 0.7439903846153846 0.004807692307692308 0.03125
6 0.8125 0.4951923076923077 0.009615384615384616 0.021634615384615384
6 0.36658653846153844 0.046875 0.007211538461538462 0.009615384615384616
6 0.20072115384615385 0.042067307692307696 0.004807692307692308 0.009615384615384616
6 0.23677884615384615 0.052884615384615384 0.004807692307692308 0.014423076923076924
6 0.24158653846153846 0.21514423076923078 0.004807692307692308 0.014423076923076924
6 0.25240384615384615 0.203125 0.004807692307692308 0.009615384615384616
6 0.3088942307692308 0.5853365384615384 0.002403846153846154 0.019230769230769232
6 0.2932692307692308 0.5564903846153846 0.004807692307692308 0.016826923076923076
6 0.28846153846153844 0.36658653846153844 0.004807692307692308 0.016826923076923076
6 0.2776442307692308 0.4050480769230769 0.007211538461538462 0.009615384615384616
6 0.2860576923076923 0.5168269230769231 0.004807692307692308 0.004807692307692308
6 0.33653846153846156 0.75 0.004807692307692308 0.014423076923076924
6 0.4483173076923077 0.9447115384615384 0.007211538461538462 0.014423076923076924
6 0.4699519230769231 0.8798076923076923 0.004807692307692308 0.009615384615384616
6 0.6430288461538461 0.6274038461538461 0.007211538461538462 0.019230769230769232
6 0.7199519230769231 0.49759615384615385 0.01201923076923077 0.019230769230769232
17 0.3605769230769231 0.27283653846153844 0.004807692307692308 0.009615384615384616
6 0.5348557692307693 0.7716346153846154 0.007211538461538462 0.014423076923076924
6 0.4266826923076923 0.9591346153846154 0.007211538461538462 0.007211538461538462