4 0.2824519230769231 0.6262019230769231 0.09615384615384616 0.21153846153846154
4 0.26802884615384615 0.453125 0.09615384615384616 0.21394230769230768
4 0.24759615384615385 0.421875 0.08413461538461539 0.27163461538461536
4 0.359375 0.33774038461538464 0.07692307692307693 0.15144230769230768
4 0.5204326923076923 0.34975961538461536 0.0625 0.14903846153846154
4 0.6105769230769231 0.3293269230769231 0.0673076923076923 0.13942307692307693
4 0.6490384615384616 0.29447115384615385 0.052884615384615384 0.1346153846153846
4 0.7199519230769231 0.36538461538461536 0.07692307692307693 0.14423076923076922
4 0.7632211538461539 0.375 0.038461538461538464 0.08173076923076923
4 0.7079326923076923 0.31490384615384615 0.07211538461538461 0.12980769230769232
4 0.1502403846153846 0.49038461538461536 0.04326923076923077 0.11057692307692307
1 0.17307692307692307 0.6598557692307693 0.07932692307692307 0.35336538461538464
12 0.7884615384615384 0.20793269230769232 0.25961538461538464 0.30528846153846156
14 0.27403846153846156 0.5504807692307693 0.03365384615384615 0.03365384615384615
14 0.2692307692307692 0.3641826923076923 0.028846153846153848 0.026442307692307692
14 0.2403846153846154 0.30528846153846156 0.028846153846153848 0.016826923076923076
14 0.5204326923076923 0.2920673076923077 0.021634615384615384 0.01201923076923077
14 0.6189903846153846 0.27403846153846156 0.019230769230769232 0.014423076923076924
14 0.734375 0.3088942307692308 0.021634615384615384 0.019230769230769232
14 0.7548076923076923 0.3918269230769231 0.014423076923076924 0.019230769230769232