7 0.33413461538461536 0.4254807692307692 0.052884615384615384 0.10096153846153846
10 0.9110576923076923 0.59375 0.057692307692307696 0.07451923076923077
10 0.9399038461538461 0.5961538461538461 0.02403846153846154 0.04326923076923077
17 0.6995192307692307 0.4074519230769231 0.019230769230769232 0.026442307692307692
6 0.8389423076923077 0.44591346153846156 0.014423076923076924 0.026442307692307692
6 0.7884615384615384 0.3713942307692308 0.019230769230769232 0.014423076923076924
6 0.6802884615384616 0.1346153846153846 0.014423076923076924 0.021634615384615384
6 0.6598557692307693 0.05889423076923077 0.019230769230769232 0.026442307692307692
6 0.5084134615384616 0.8930288461538461 0.016826923076923076 0.021634615384615384
6 0.4879807692307692 0.9867788461538461 0.009615384615384616 0.021634615384615384
6 0.35697115384615385 0.7512019230769231 0.019230769230769232 0.007211538461538462