7 0.49158653846153844 0.5240384615384616 0.07211538461538461 0.09134615384615384
17 0.5841346153846154 0.5709134615384616 0.057692307692307696 0.04326923076923077
6 0.5925480769230769 0.5396634615384616 0.009615384615384616 0.016826923076923076
6 0.5829326923076923 0.5204326923076923 0.016826923076923076 0.019230769230769232
6 0.5649038461538461 0.5180288461538461 0.02403846153846154 0.009615384615384616
6 0.5637019230769231 0.49158653846153844 0.004807692307692308 0.016826923076923076
6 0.5420673076923077 0.5096153846153846 0.014423076923076924 0.009615384615384616
6 0.5420673076923077 0.47115384615384615 0.014423076923076924 0.019230769230769232
6 0.5336538461538461 0.4963942307692308 0.009615384615384616 0.009615384615384616
6 0.5360576923076923 0.49399038461538464 0.014423076923076924 0.007211538461538462
6 0.5372596153846154 0.49038461538461536 0.021634615384615384 0.007211538461538462
6 0.5540865384615384 0.49038461538461536 0.004807692307692308 0.02403846153846154
6 0.5901442307692307 0.5540865384615384 0.014423076923076924 0.007211538461538462
6 0.5841346153846154 0.5576923076923077 0.014423076923076924 0.009615384615384616
6 0.5612980769230769 0.5552884615384616 0.009615384615384616 0.004807692307692308
6 0.8257211538461539 0.6057692307692307 0.004807692307692308 0.007211538461538462
6 0.4266826923076923 0.06610576923076923 0.004807692307692308 0.009615384615384616