1 0.0985576923076923 0.19591346153846154 0.04326923076923077 0.052884615384615384
1 0.21514423076923078 0.4807692307692308 0.028846153846153848 0.02403846153846154
6 0.3473557692307692 0.15985576923076922 0.004807692307692308 0.004807692307692308
6 0.31009615384615385 0.23197115384615385 0.004807692307692308 0.007211538461538462
6 0.29927884615384615 0.2127403846153846 0.004807692307692308 0.007211538461538462
6 0.2980769230769231 0.2403846153846154 0.004807692307692308 0.004807692307692308
6 0.26802884615384615 0.21033653846153846 0.004807692307692308 0.007211538461538462
6 0.2439903846153846 0.21394230769230768 0.002403846153846154 0.009615384615384616
6 0.25240384615384615 0.26322115384615385 0.004807692307692308 0.007211538461538462
6 0.20793269230769232 0.19230769230769232 0.004807692307692308 0.007211538461538462
6 0.27283653846153844 0.33052884615384615 0.004807692307692308 0.004807692307692308
6 0.28365384615384615 0.3401442307692308 0.004807692307692308 0.009615384615384616
6 0.265625 0.41225961538461536 0.004807692307692308 0.007211538461538462
6 0.22355769230769232 0.4723557692307692 0.004807692307692308 0.004807692307692308
6 0.19951923076923078 0.38461538461538464 0.004807692307692308 0.004807692307692308
6 0.2800480769230769 0.5300480769230769 0.004807692307692308 0.007211538461538462
6 0.25240384615384615 0.5348557692307693 0.004807692307692308 0.007211538461538462
6 0.328125 0.38461538461538464 0.004807692307692308 0.004807692307692308
6 0.3269230769230769 0.3894230769230769 0.004807692307692308 0.004807692307692308
6 0.3581730769230769 0.5024038461538461 0.002403846153846154 0.004807692307692308
6 0.45913461538461536 0.5673076923076923 0.004807692307692308 0.004807692307692308
6 0.49399038461538464 0.8485576923076923 0.009615384615384616 0.009615384615384616
6 0.7463942307692307 0.8725961538461539 0.014423076923076924 0.009615384615384616
6 0.7692307692307693 0.8978365384615384 0.009615384615384616 0.014423076923076924
6 0.7427884615384616 0.796875 0.009615384615384616 0.009615384615384616
6 0.4326923076923077 0.3557692307692308 0.004807692307692308 0.009615384615384616
6 0.4014423076923077 0.1658653846153846 0.009615384615384616 0.009615384615384616
6 0.8473557692307693 0.5697115384615384 0.016826923076923076 0.009615384615384616
6 0.10336538461538461 0.25841346153846156 0.004807692307692308 0.007211538461538462
6 0.10697115384615384 0.04807692307692308 0.002403846153846154 0.004807692307692308