1 0.1971153846153846 0.9014423076923077 0.052884615384615384 0.04326923076923077
1 0.4807692307692308 0.7848557692307693 0.026442307692307692 0.028846153846153848
6 0.16105769230769232 0.6526442307692307 0.004807692307692308 0.004807692307692308
6 0.23197115384615385 0.6899038461538461 0.007211538461538462 0.004807692307692308
6 0.2127403846153846 0.7007211538461539 0.007211538461538462 0.004807692307692308
6 0.2403846153846154 0.7019230769230769 0.004807692307692308 0.004807692307692308
6 0.21153846153846154 0.7319711538461539 0.007211538461538462 0.004807692307692308
6 0.21394230769230768 0.7560096153846154 0.009615384615384616 0.002403846153846154
6 0.2644230769230769 0.7475961538461539 0.007211538461538462 0.004807692307692308
6 0.1935096153846154 0.7920673076923077 0.007211538461538462 0.004807692307692308
6 0.3317307692307692 0.7271634615384616 0.004807692307692308 0.004807692307692308
6 0.3401442307692308 0.7163461538461539 0.01201923076923077 0.004807692307692308
6 0.41346153846153844 0.734375 0.007211538461538462 0.004807692307692308
6 0.4723557692307692 0.7764423076923077 0.002403846153846154 0.004807692307692308
6 0.38461538461538464 0.8004807692307693 0.004807692307692308 0.004807692307692308
6 0.5300480769230769 0.7199519230769231 0.007211538461538462 0.004807692307692308
6 0.5348557692307693 0.7475961538461539 0.007211538461538462 0.004807692307692308
6 0.38461538461538464 0.671875 0.004807692307692308 0.004807692307692308
6 0.3894230769230769 0.6730769230769231 0.004807692307692308 0.004807692307692308
6 0.5036057692307693 0.6418269230769231 0.004807692307692308 0.002403846153846154
6 0.5685096153846154 0.5408653846153846 0.004807692307692308 0.004807692307692308
6 0.8485576923076923 0.5060096153846154 0.009615384615384616 0.009615384615384616
6 0.8725961538461539 0.2536057692307692 0.009615384615384616 0.014423076923076924
6 0.8978365384615384 0.23076923076923078 0.014423076923076924 0.009615384615384616
6 0.7980769230769231 0.25721153846153844 0.009615384615384616 0.009615384615384616
6 0.35697115384615385 0.5673076923076923 0.009615384615384616 0.004807692307692308
6 0.1658653846153846 0.5985576923076923 0.009615384615384616 0.009615384615384616
6 0.5697115384615384 0.15264423076923078 0.009615384615384616 0.016826923076923076
6 0.25841346153846156 0.8966346153846154 0.007211538461538462 0.004807692307692308
6 0.04927884615384615 0.8930288461538461 0.004807692307692308 0.002403846153846154