1 0.22596153846153846 0.16706730769230768 0.038461538461538464 0.23317307692307693
12 0.23918269230769232 0.24759615384615385 0.0625 0.11057692307692307
2 0.3641826923076923 0.5336538461538461 0.038461538461538464 0.04326923076923077
2 0.4170673076923077 0.6117788461538461 0.04326923076923077 0.05048076923076923
7 0.5120192307692307 0.5480769230769231 0.07211538461538461 0.28846153846153844
7 0.5120192307692307 0.34375 0.057692307692307696 0.13942307692307693
1 0.6081730769230769 0.41346153846153844 0.052884615384615384 0.2932692307692308
7 0.6129807692307693 0.3125 0.04807692307692308 0.15865384615384615
1 0.6730769230769231 0.2824519230769231 0.052884615384615384 0.39663461538461536
1 0.7055288461538461 0.4795673076923077 0.06490384615384616 0.34134615384615385
11 0.4639423076923077 0.3629807692307692 0.057692307692307696 0.1778846153846154
12 0.39903846153846156 0.12980769230769232 0.09615384615384616 0.25721153846153844
11 0.7536057692307693 0.33413461538461536 0.040865384615384616 0.0625
11 0.765625 0.4074519230769231 0.06490384615384616 0.055288461538461536