7 0.5084134615384616 0.47596153846153844 0.07211538461538461 0.09134615384615384
17 0.41586538461538464 0.42908653846153844 0.057692307692307696 0.04326923076923077
6 0.4074519230769231 0.46033653846153844 0.009615384615384616 0.016826923076923076
6 0.4170673076923077 0.4795673076923077 0.016826923076923076 0.019230769230769232
6 0.43509615384615385 0.48197115384615385 0.02403846153846154 0.009615384615384616
6 0.4362980769230769 0.5084134615384616 0.004807692307692308 0.016826923076923076
6 0.4579326923076923 0.49038461538461536 0.014423076923076924 0.009615384615384616
6 0.4579326923076923 0.5288461538461539 0.014423076923076924 0.019230769230769232
6 0.46634615384615385 0.5036057692307693 0.009615384615384616 0.009615384615384616
6 0.4639423076923077 0.5060096153846154 0.014423076923076924 0.007211538461538462
6 0.46274038461538464 0.5096153846153846 0.021634615384615384 0.007211538461538462
6 0.44591346153846156 0.5096153846153846 0.004807692307692308 0.02403846153846154
6 0.4098557692307692 0.44591346153846156 0.014423076923076924 0.007211538461538462
6 0.41586538461538464 0.4423076923076923 0.014423076923076924 0.009615384615384616
6 0.4387019230769231 0.44471153846153844 0.009615384615384616 0.004807692307692308
6 0.17427884615384615 0.3942307692307692 0.004807692307692308 0.007211538461538462
6 0.5733173076923077 0.9338942307692307 0.004807692307692308 0.009615384615384616