5 0.5552884615384616 0.7512019230769231 0.03125 0.10336538461538461
6 0.4170673076923077 0.7055288461538461 0.004807692307692308 0.007211538461538462
6 0.39663461538461536 0.7295673076923077 0.007211538461538462 0.007211538461538462
6 0.31490384615384615 0.7524038461538461 0.009615384615384616 0.019230769230769232
6 0.08533653846153846 0.8197115384615384 0.007211538461538462 0.04807692307692308
6 0.12740384615384615 0.7800480769230769 0.014423076923076924 0.01201923076923077
6 0.11538461538461539 0.7884615384615384 0.014423076923076924 0.016826923076923076
6 0.11538461538461539 0.7956730769230769 0.014423076923076924 0.014423076923076924
6 0.0985576923076923 0.7884615384615384 0.014423076923076924 0.019230769230769232
6 0.16826923076923078 0.8137019230769231 0.004807692307692308 0.026442307692307692
6 0.23197115384615385 0.8016826923076923 0.009615384615384616 0.014423076923076924
6 0.21634615384615385 0.796875 0.009615384615384616 0.021634615384615384
6 0.33774038461538464 0.7704326923076923 0.007211538461538462 0.021634615384615384
17 0.8581730769230769 0.6490384615384616 0.004807692307692308 0.014423076923076924
17 0.3269230769230769 0.7920673076923077 0.019230769230769232 0.04807692307692308