11 0.5 0.04447115384615385 0.0673076923076923 0.014423076923076924
4 0.5048076923076923 0.4651442307692308 0.11057692307692307 0.02403846153846154
6 0.5432692307692307 0.49399038461538464 0.009615384615384616 0.009615384615384616
6 0.6610576923076923 0.47836538461538464 0.02403846153846154 0.009615384615384616
6 0.2668269230769231 0.5733173076923077 0.014423076923076924 0.014423076923076924
6 0.37259615384615385 0.6177884615384616 0.028846153846153848 0.009615384615384616
6 0.37740384615384615 0.6213942307692307 0.019230769230769232 0.007211538461538462
6 0.20552884615384615 0.7247596153846154 0.05048076923076923 0.007211538461538462
6 0.22235576923076922 0.7115384615384616 0.021634615384615384 0.014423076923076924
6 0.11899038461538461 0.7920673076923077 0.021634615384615384 0.019230769230769232
6 0.359375 0.9495192307692307 0.04326923076923077 0.014423076923076924
6 0.6911057692307693 0.9375 0.03125 0.014423076923076924
6 0.2536057692307692 0.5721153846153846 0.01201923076923077 0.009615384615384616
6 0.5757211538461539 0.4639423076923077 0.014423076923076924 0.009615384615384616
6 0.6286057692307693 0.3942307692307692 0.009615384615384616 0.004807692307692308
17 0.6394230769230769 0.078125 0.014423076923076924 0.004807692307692308
17 0.9459134615384616 0.9579326923076923 0.040865384615384616 0.036057692307692304
17 0.5300480769230769 0.796875 0.03365384615384615 0.028846153846153848
17 0.08173076923076923 0.7307692307692307 0.04326923076923077 0.02403846153846154
17 0.23557692307692307 0.7463942307692307 0.0625 0.019230769230769232
12 0.021634615384615384 0.7680288461538461 0.02403846153846154 0.009615384615384616