1 0.38461538461538464 0.49038461538461536 0.04326923076923077 0.17307692307692307
6 0.4951923076923077 0.5060096153846154 0.004807692307692308 0.02403846153846154
6 0.44350961538461536 0.5721153846153846 0.004807692307692308 0.02403846153846154
6 0.59375 0.8305288461538461 0.004807692307692308 0.021634615384615384
6 0.5793269230769231 0.6394230769230769 0.009615384615384616 0.009615384615384616
6 0.3605769230769231 0.25600961538461536 0.004807692307692308 0.03125
6 0.1875 0.5048076923076923 0.009615384615384616 0.021634615384615384
6 0.6334134615384616 0.953125 0.007211538461538462 0.009615384615384616
6 0.7992788461538461 0.9579326923076923 0.004807692307692308 0.009615384615384616
6 0.7632211538461539 0.9471153846153846 0.004807692307692308 0.014423076923076924
6 0.7584134615384616 0.7848557692307693 0.004807692307692308 0.014423076923076924
6 0.7475961538461539 0.796875 0.004807692307692308 0.009615384615384616
6 0.6911057692307693 0.41466346153846156 0.002403846153846154 0.019230769230769232
6 0.7067307692307693 0.44350961538461536 0.004807692307692308 0.016826923076923076
6 0.7115384615384616 0.6334134615384616 0.004807692307692308 0.016826923076923076
6 0.7223557692307693 0.5949519230769231 0.007211538461538462 0.009615384615384616
6 0.7139423076923077 0.4831730769230769 0.004807692307692308 0.004807692307692308
6 0.6634615384615384 0.25 0.004807692307692308 0.014423076923076924
6 0.5516826923076923 0.055288461538461536 0.007211538461538462 0.014423076923076924
6 0.5300480769230769 0.1201923076923077 0.004807692307692308 0.009615384615384616
6 0.35697115384615385 0.37259615384615385 0.007211538461538462 0.019230769230769232
6 0.2800480769230769 0.5024038461538461 0.01201923076923077 0.019230769230769232
17 0.6394230769230769 0.7271634615384616 0.004807692307692308 0.009615384615384616
6 0.4651442307692308 0.2283653846153846 0.007211538461538462 0.014423076923076924
6 0.5733173076923077 0.040865384615384616 0.007211538461538462 0.004807692307692308