6 0.6526442307692307 0.8725961538461539 0.026442307692307692 0.014423076923076924
6 0.671875 0.8329326923076923 0.019230769230769232 0.009615384615384616
6 0.6069711538461539 0.7668269230769231 0.014423076923076924 0.014423076923076924
6 0.5985576923076923 0.7319711538461539 0.02403846153846154 0.014423076923076924
6 0.4855769230769231 0.671875 0.028846153846153848 0.019230769230769232
7 0.49399038461538464 0.6081730769230769 0.10096153846153846 0.052884615384615384
7 0.4495192307692308 0.6141826923076923 0.03365384615384615 0.04567307692307692
6 0.5264423076923077 0.5588942307692307 0.009615384615384616 0.019230769230769232
6 0.390625 0.4098557692307692 0.04567307692307692 0.009615384615384616
6 0.4579326923076923 0.35697115384615385 0.07211538461538461 0.021634615384615384
6 0.12740384615384615 0.2824519230769231 0.040865384615384616 0.028846153846153848
6 0.7295673076923077 0.5612980769230769 0.021634615384615384 0.016826923076923076
6 0.7548076923076923 0.6117788461538461 0.028846153846153848 0.009615384615384616
17 0.5420673076923077 0.44711538461538464 0.04326923076923077 0.014423076923076924
17 0.5096153846153846 0.5096153846153846 0.04326923076923077 0.014423076923076924
7 0.4170673076923077 0.3173076923076923 0.13942307692307693 0.07932692307692307
6 0.29447115384615385 0.25721153846153844 0.09375 0.028846153846153848
11 0.042067307692307696 0.10336538461538461 0.07211538461538461 0.019230769230769232
17 0.38100961538461536 0.359375 0.026442307692307692 0.026442307692307692
6 0.30408653846153844 0.015625 0.06490384615384616 0.028846153846153848
17 0.3137019230769231 0.08653846153846154 0.03365384615384615 0.02403846153846154
17 0.4579326923076923 0.39783653846153844 0.03365384615384615 0.014423076923076924
17 0.7163461538461539 0.8930288461538461 0.02403846153846154 0.004807692307692308
17 0.36177884615384615 0.009615384615384616 0.052884615384615384 0.019230769230769232