7 0.46033653846153844 0.5865384615384616 0.1875 0.23076923076923078
8 0.5973557692307693 0.46153846153846156 0.15384615384615385 0.125
17 0.5144230769230769 0.8665865384615384 0.04807692307692308 0.02403846153846154
3 0.8557692307692307 0.8449519230769231 0.009615384615384616 0.016826923076923076
3 0.8353365384615384 0.8125 0.01201923076923077 0.007211538461538462
3 0.8545673076923077 0.6935096153846154 0.009615384615384616 0.004807692307692308
3 0.734375 0.7596153846153846 0.009615384615384616 0.009615384615384616
3 0.47596153846153844 0.7427884615384616 0.01201923076923077 0.014423076923076924
3 0.5348557692307693 0.8185096153846154 0.019230769230769232 0.01201923076923077
3 0.5228365384615384 0.8401442307692307 0.014423076923076924 0.007211538461538462
3 0.7524038461538461 0.9915865384615384 0.014423076923076924 0.01201923076923077
3 0.8365384615384616 0.6129807692307693 0.014423076923076924 0.009615384615384616
3 0.08653846153846154 0.9026442307692307 0.009615384615384616 0.009615384615384616
3 0.8810096153846154 0.7920673076923077 0.004807692307692308 0.007211538461538462
3 0.7199519230769231 0.7776442307692307 0.009615384615384616 0.007211538461538462
3 0.9507211538461539 0.7944711538461539 0.01201923076923077 0.007211538461538462
3 0.9146634615384616 0.7992788461538461 0.004807692307692308 0.004807692307692308