12 0.9855769230769231 0.8461538461538461 0.02403846153846154 0.052884615384615384
1 0.8389423076923077 0.7439903846153846 0.0625 0.0985576923076923
1 0.8040865384615384 0.7764423076923077 0.0625 0.10576923076923077
12 0.8605769230769231 0.7884615384615384 0.03365384615384615 0.04807692307692308
12 0.890625 0.8942307692307693 0.019230769230769232 0.038461538461538464
12 0.8040865384615384 0.6490384615384616 0.016826923076923076 0.038461538461538464
7 0.703125 0.5132211538461539 0.02403846153846154 0.055288461538461536
17 0.5853365384615384 0.5588942307692307 0.021634615384615384 0.0625
12 0.4362980769230769 0.7728365384615384 0.07451923076923077 0.06490384615384616
12 0.4543269230769231 0.640625 0.07211538461538461 0.07932692307692307
12 0.24879807692307693 0.8149038461538461 0.05048076923076923 0.11538461538461539
17 0.671875 0.7548076923076923 0.04326923076923077 0.08173076923076923
17 0.6550480769230769 0.6586538461538461 0.02403846153846154 0.04326923076923077
17 0.9230769230769231 0.859375 0.04807692307692308 0.057692307692307696