12 0.25 0.5697115384615384 0.0673076923076923 0.028846153846153848
6 0.41346153846153844 0.5889423076923077 0.028846153846153848 0.004807692307692308
6 0.4254807692307692 0.6334134615384616 0.016826923076923076 0.009615384615384616
6 0.2512019230769231 0.5985576923076923 0.014423076923076924 0.009615384615384616
6 0.5877403846153846 0.6682692307692307 0.038461538461538464 0.019230769230769232
6 0.5673076923076923 0.6875 0.019230769230769232 0.014423076923076924
6 0.6153846153846154 0.6730769230769231 0.03365384615384615 0.004807692307692308
6 0.6754807692307693 0.8028846153846154 0.019230769230769232 0.014423076923076924
6 0.7632211538461539 0.8112980769230769 0.016826923076923076 0.01201923076923077
6 0.6911057692307693 0.578125 0.03365384615384615 0.007211538461538462
6 0.11538461538461539 0.5480769230769231 0.028846153846153848 0.009615384615384616