1 0.38461538461538464 0.5096153846153846 0.04326923076923077 0.17307692307692307
6 0.49399038461538464 0.49399038461538464 0.004807692307692308 0.02403846153846154
6 0.44350961538461536 0.42788461538461536 0.004807692307692308 0.02403846153846154
6 0.59375 0.16947115384615385 0.004807692307692308 0.021634615384615384
6 0.5793269230769231 0.3605769230769231 0.009615384615384616 0.009615384615384616
6 0.3605769230769231 0.7439903846153846 0.004807692307692308 0.03125
6 0.18629807692307693 0.4951923076923077 0.009615384615384616 0.021634615384615384
6 0.6334134615384616 0.046875 0.007211538461538462 0.009615384615384616
6 0.7980769230769231 0.042067307692307696 0.004807692307692308 0.009615384615384616
6 0.7620192307692307 0.052884615384615384 0.004807692307692308 0.014423076923076924
6 0.7572115384615384 0.21514423076923078 0.004807692307692308 0.014423076923076924
6 0.7475961538461539 0.203125 0.004807692307692308 0.009615384615384616
6 0.6911057692307693 0.5853365384615384 0.002403846153846154 0.019230769230769232
6 0.7067307692307693 0.5564903846153846 0.004807692307692308 0.016826923076923076
6 0.7115384615384616 0.36658653846153844 0.004807692307692308 0.016826923076923076
6 0.7223557692307693 0.4050480769230769 0.007211538461538462 0.009615384615384616
6 0.7127403846153846 0.5168269230769231 0.004807692307692308 0.004807692307692308
6 0.6634615384615384 0.75 0.004807692307692308 0.014423076923076924
6 0.5504807692307693 0.9447115384615384 0.007211538461538462 0.014423076923076924
6 0.5300480769230769 0.8798076923076923 0.004807692307692308 0.009615384615384616
6 0.35697115384615385 0.6274038461538461 0.007211538461538462 0.019230769230769232
6 0.2800480769230769 0.49759615384615385 0.01201923076923077 0.019230769230769232
17 0.6394230769230769 0.27283653846153844 0.004807692307692308 0.009615384615384616
6 0.4651442307692308 0.7716346153846154 0.007211538461538462 0.014423076923076924
6 0.5733173076923077 0.9591346153846154 0.007211538461538462 0.004807692307692308