1 0.234375 0.609375 0.038461538461538464 0.06009615384615385
17 0.22716346153846154 0.35697115384615385 0.016826923076923076 0.01201923076923077
1 0.41466346153846156 0.36538461538461536 0.03365384615384615 0.014423076923076924
7 0.3858173076923077 0.4254807692307692 0.03125 0.026442307692307692
1 0.9050480769230769 0.47115384615384615 0.021634615384615384 0.02403846153846154
2 0.8990384615384616 0.4795673076923077 0.004807692307692308 0.007211538461538462
1 0.8834134615384616 0.5685096153846154 0.052884615384615384 0.02403846153846154
17 0.45552884615384615 0.5901442307692307 0.03125 0.038461538461538464
12 0.4831730769230769 0.9242788461538461 0.14903846153846154 0.14903846153846154
17 0.546875 0.8545673076923077 0.038461538461538464 0.057692307692307696
17 0.04927884615384615 0.8485576923076923 0.021634615384615384 0.03125
17 0.32091346153846156 0.38100961538461536 0.026442307692307692 0.007211538461538462