5 0.7512019230769231 0.44471153846153844 0.10336538461538461 0.03125
6 0.7055288461538461 0.5829326923076923 0.007211538461538462 0.004807692307692308
6 0.7295673076923077 0.6033653846153846 0.007211538461538462 0.007211538461538462
6 0.7524038461538461 0.6850961538461539 0.019230769230769232 0.009615384615384616
6 0.8197115384615384 0.9146634615384616 0.04807692307692308 0.007211538461538462
6 0.7800480769230769 0.8725961538461539 0.01201923076923077 0.014423076923076924
6 0.7896634615384616 0.8846153846153846 0.016826923076923076 0.014423076923076924
6 0.796875 0.8846153846153846 0.014423076923076924 0.014423076923076924
6 0.7884615384615384 0.9014423076923077 0.019230769230769232 0.014423076923076924
6 0.8149038461538461 0.8317307692307693 0.026442307692307692 0.004807692307692308
6 0.8016826923076923 0.7680288461538461 0.014423076923076924 0.009615384615384616
6 0.796875 0.7836538461538461 0.021634615384615384 0.009615384615384616
6 0.7704326923076923 0.6622596153846154 0.021634615384615384 0.007211538461538462
17 0.6490384615384616 0.14182692307692307 0.014423076923076924 0.004807692307692308
17 0.7920673076923077 0.6730769230769231 0.04807692307692308 0.019230769230769232