10 0.23798076923076922 0.7427884615384616 0.02403846153846154 0.019230769230769232
6 0.14903846153846154 0.0985576923076923 0.05048076923076923 0.021634615384615384
6 0.5036057692307693 0.028846153846153848 0.13701923076923078 0.009615384615384616
6 0.9050480769230769 0.23076923076923078 0.05048076923076923 0.028846153846153848
10 0.9350961538461539 0.7367788461538461 0.0625 0.021634615384615384
10 0.6935096153846154 0.6286057692307693 0.009615384615384616 0.004807692307692308
10 0.7127403846153846 0.4639423076923077 0.009615384615384616 0.004807692307692308
10 0.6322115384615384 0.42908653846153844 0.028846153846153848 0.019230769230769232
10 0.6370192307692307 0.3473557692307692 0.009615384615384616 0.004807692307692308
10 0.9326923076923077 0.26802884615384615 0.014423076923076924 0.009615384615384616
10 0.8149038461538461 0.1346153846153846 0.052884615384615384 0.02403846153846154
10 0.296875 0.7271634615384616 0.009615384615384616 0.01201923076923077
17 0.5528846153846154 0.40384615384615385 0.0673076923076923 0.0625
6 0.5516826923076923 0.10216346153846154 0.04807692307692308 0.014423076923076924
6 0.8389423076923077 0.18389423076923078 0.03365384615384615 0.038461538461538464
6 0.9579326923076923 0.234375 0.019230769230769232 0.026442307692307692
10 0.5769230769230769 0.6995192307692307 0.009615384615384616 0.007211538461538462