4 0.4951923076923077 0.49399038461538464 0.02403846153846154 0.10096153846153846
14 0.4963942307692308 0.4579326923076923 0.007211538461538462 0.021634615384615384
11 0.43028846153846156 0.5793269230769231 0.02403846153846154 0.052884615384615384
6 0.4699519230769231 0.625 0.007211538461538462 0.03365384615384615
6 0.48677884615384615 0.4879807692307692 0.007211538461538462 0.02403846153846154
6 0.48677884615384615 0.5 0.007211538461538462 0.014423076923076924
6 0.4831730769230769 0.5264423076923077 0.002403846153846154 0.019230769230769232
6 0.5384615384615384 0.3713942307692308 0.009615384615384616 0.021634615384615384
6 0.5084134615384616 0.38461538461538464 0.009615384615384616 0.009615384615384616
11 0.5144230769230769 0.36899038461538464 0.014423076923076924 0.038461538461538464
11 0.5144230769230769 0.2824519230769231 0.014423076923076924 0.038461538461538464
6 0.5540865384615384 0.2548076923076923 0.009615384615384616 0.014423076923076924
6 0.5492788461538461 0.2980769230769231 0.009615384615384616 0.019230769230769232
6 0.6141826923076923 0.13942307692307693 0.009615384615384616 0.019230769230769232
6 0.6430288461538461 0.06490384615384616 0.009615384615384616 0.014423076923076924
6 0.5649038461538461 0.17307692307692307 0.009615384615384616 0.028846153846153848
12 0.5985576923076923 0.11057692307692307 0.08653846153846154 0.14423076923076922