1 0.6286057692307693 0.8125 0.17548076923076922 0.10096153846153846
1 0.546875 0.5829326923076923 0.14903846153846154 0.07211538461538461
1 0.7367788461538461 0.38100961538461536 0.14903846153846154 0.03365384615384615
1 0.7908653846153846 0.34375 0.0625 0.03365384615384615
1 0.7463942307692307 0.4891826923076923 0.057692307692307696 0.07211538461538461
1 0.5252403846153846 0.23798076923076922 0.07932692307692307 0.02403846153846154
1 0.8088942307692307 0.28966346153846156 0.05048076923076923 0.04807692307692308
1 0.9423076923076923 0.34615384615384615 0.0673076923076923 0.03365384615384615
1 0.9423076923076923 0.11899038461538461 0.03365384615384615 0.04807692307692308
1 0.984375 0.08413461538461539 0.026442307692307692 0.02403846153846154
12 0.5360576923076923 0.6382211538461539 0.03365384615384615 0.026442307692307692
12 0.7307692307692307 0.7872596153846154 0.057692307692307696 0.038461538461538464
2 0.8088942307692307 0.37740384615384615 0.009615384615384616 0.004807692307692308
2 0.5612980769230769 0.23918269230769232 0.007211538461538462 0.01201923076923077
7 0.8473557692307693 0.359375 0.09134615384615384 0.052884615384615384
17 0.9074519230769231 0.2764423076923077 0.18028846153846154 0.11057692307692307
17 0.9879807692307693 0.015625 0.019230769230769232 0.03125
5 0.9290865384615384 0.0673076923076923 0.028846153846153848 0.019230769230769232
11 0.7680288461538461 0.6766826923076923 0.016826923076923076 0.014423076923076924
6 0.6802884615384616 0.890625 0.019230769230769232 0.021634615384615384