1 0.16466346153846154 0.11899038461538461 0.21875 0.11538461538461539
2 0.25240384615384615 0.07211538461538461 0.038461538461538464 0.019230769230769232
17 0.07572115384615384 0.09975961538461539 0.07211538461538461 0.05048076923076923
17 0.46274038461538464 0.2692307692307692 0.1346153846153846 0.10576923076923077
17 0.46153846153846156 0.23798076923076922 0.10096153846153846 0.04807692307692308
9 0.515625 0.5901442307692307 0.11298076923076923 0.0673076923076923
17 0.5084134615384616 0.6189903846153846 0.057692307692307696 0.019230769230769232
1 0.2692307692307692 0.6646634615384616 0.07692307692307693 0.04326923076923077
17 0.4963942307692308 0.7596153846153846 0.03365384615384615 0.016826923076923076
17 0.4795673076923077 0.7415865384615384 0.004807692307692308 0.007211538461538462
17 0.890625 0.34615384615384615 0.028846153846153848 0.014423076923076924
17 0.3786057692307692 0.27163461538461536 0.03365384615384615 0.014423076923076924
17 0.2548076923076923 0.8317307692307693 0.009615384615384616 0.014423076923076924