7 0.5396634615384616 0.41346153846153844 0.1875 0.23076923076923078
8 0.4026442307692308 0.5384615384615384 0.15384615384615385 0.125
17 0.4855769230769231 0.13341346153846154 0.04807692307692308 0.02403846153846154
3 0.14423076923076922 0.15504807692307693 0.009615384615384616 0.016826923076923076
3 0.16466346153846154 0.1875 0.01201923076923077 0.007211538461538462
3 0.14543269230769232 0.30649038461538464 0.009615384615384616 0.004807692307692308
3 0.265625 0.2403846153846154 0.009615384615384616 0.009615384615384616
3 0.5240384615384616 0.25721153846153844 0.01201923076923077 0.014423076923076924
3 0.4651442307692308 0.1814903846153846 0.019230769230769232 0.01201923076923077
3 0.47716346153846156 0.15985576923076922 0.014423076923076924 0.007211538461538462
3 0.24759615384615385 0.008413461538461538 0.014423076923076924 0.01201923076923077
3 0.16346153846153846 0.3870192307692308 0.014423076923076924 0.009615384615384616
3 0.9134615384615384 0.09735576923076923 0.009615384615384616 0.009615384615384616
3 0.11899038461538461 0.20793269230769232 0.004807692307692308 0.007211538461538462
3 0.2800480769230769 0.22235576923076922 0.009615384615384616 0.007211538461538462
3 0.04927884615384615 0.20552884615384615 0.01201923076923077 0.007211538461538462
3 0.08533653846153846 0.20072115384615385 0.004807692307692308 0.004807692307692308