1 0.8810096153846154 0.16466346153846154 0.11538461538461539 0.21875
2 0.9278846153846154 0.25240384615384615 0.019230769230769232 0.038461538461538464
17 0.9002403846153846 0.07572115384615384 0.05048076923076923 0.07211538461538461
17 0.7307692307692307 0.46274038461538464 0.10576923076923077 0.1346153846153846
17 0.7620192307692307 0.46153846153846156 0.04807692307692308 0.10096153846153846
9 0.4098557692307692 0.515625 0.0673076923076923 0.11298076923076923
17 0.38100961538461536 0.5084134615384616 0.019230769230769232 0.057692307692307696
1 0.33533653846153844 0.2692307692307692 0.04326923076923077 0.07692307692307693
17 0.2403846153846154 0.4963942307692308 0.016826923076923076 0.03365384615384615
17 0.25841346153846156 0.4795673076923077 0.007211538461538462 0.004807692307692308
17 0.6538461538461539 0.890625 0.014423076923076924 0.028846153846153848
17 0.7283653846153846 0.3786057692307692 0.014423076923076924 0.03365384615384615
17 0.16826923076923078 0.2548076923076923 0.014423076923076924 0.009615384615384616