1 0.3713942307692308 0.8125 0.17548076923076922 0.10096153846153846
1 0.453125 0.5829326923076923 0.14903846153846154 0.07211538461538461
1 0.2620192307692308 0.38100961538461536 0.14903846153846154 0.03365384615384615
1 0.20793269230769232 0.34375 0.0625 0.03365384615384615
1 0.2536057692307692 0.4891826923076923 0.057692307692307696 0.07211538461538461
1 0.47475961538461536 0.23798076923076922 0.07932692307692307 0.02403846153846154
1 0.19110576923076922 0.28966346153846156 0.05048076923076923 0.04807692307692308
1 0.057692307692307696 0.34615384615384615 0.0673076923076923 0.03365384615384615
1 0.057692307692307696 0.11899038461538461 0.03365384615384615 0.04807692307692308
1 0.014423076923076924 0.0829326923076923 0.028846153846153848 0.021634615384615384
12 0.4639423076923077 0.6382211538461539 0.03365384615384615 0.026442307692307692
12 0.26802884615384615 0.7872596153846154 0.057692307692307696 0.038461538461538464
2 0.19110576923076922 0.37740384615384615 0.009615384615384616 0.004807692307692308
2 0.4387019230769231 0.23918269230769232 0.007211538461538462 0.01201923076923077
7 0.15144230769230768 0.359375 0.09134615384615384 0.052884615384615384
17 0.09134615384615384 0.2776442307692308 0.18269230769230768 0.10817307692307693
17 0.010817307692307692 0.015625 0.019230769230769232 0.028846153846153848
5 0.06971153846153846 0.0673076923076923 0.028846153846153848 0.019230769230769232
11 0.23197115384615385 0.6766826923076923 0.016826923076923076 0.014423076923076924
6 0.31850961538461536 0.890625 0.019230769230769232 0.021634615384615384