6 0.8725961538461539 0.3473557692307692 0.014423076923076924 0.026442307692307692
6 0.8329326923076923 0.328125 0.009615384615384616 0.019230769230769232
6 0.7668269230769231 0.39302884615384615 0.014423076923076924 0.014423076923076924
6 0.7319711538461539 0.4014423076923077 0.014423076923076924 0.02403846153846154
6 0.671875 0.5144230769230769 0.019230769230769232 0.028846153846153848
7 0.6081730769230769 0.5060096153846154 0.052884615384615384 0.10096153846153846
7 0.6141826923076923 0.5504807692307693 0.04567307692307692 0.03365384615384615
6 0.5588942307692307 0.4735576923076923 0.019230769230769232 0.009615384615384616
6 0.4098557692307692 0.609375 0.009615384615384616 0.04567307692307692
6 0.35697115384615385 0.5420673076923077 0.021634615384615384 0.07211538461538461
6 0.2824519230769231 0.8725961538461539 0.028846153846153848 0.040865384615384616
6 0.5612980769230769 0.2704326923076923 0.016826923076923076 0.021634615384615384
6 0.6117788461538461 0.24519230769230768 0.009615384615384616 0.028846153846153848
17 0.44711538461538464 0.4579326923076923 0.014423076923076924 0.04326923076923077
17 0.5096153846153846 0.49038461538461536 0.014423076923076924 0.04326923076923077
7 0.3173076923076923 0.5829326923076923 0.07932692307692307 0.13942307692307693
6 0.25721153846153844 0.7055288461538461 0.028846153846153848 0.09375
11 0.10336538461538461 0.9579326923076923 0.019230769230769232 0.07211538461538461
17 0.359375 0.6189903846153846 0.026442307692307692 0.026442307692307692
6 0.015625 0.6959134615384616 0.028846153846153848 0.06490384615384616
17 0.08653846153846154 0.6862980769230769 0.02403846153846154 0.036057692307692304
17 0.39783653846153844 0.5420673076923077 0.014423076923076924 0.03365384615384615
17 0.8930288461538461 0.28365384615384615 0.004807692307692308 0.02403846153846154
17 0.009615384615384616 0.6382211538461539 0.019230769230769232 0.052884615384615384